Time,Open,High,Low,Last,Change,%Chg,Volume
01/30/2023,1.21,1.21,1.16,1.17,-0.05,-4.10%,417500
01/27/2023,1.17,1.23,1.17,1.22,0.05,+4.27%,453300
01/26/2023,1.18,1.21,1.17,1.17,-0.02,-1.68%,345300
01/25/2023,1.19,1.19,1.17,1.19,0,0.00%,220000
01/24/2023,1.2,1.22,1.19,1.19,-0.03,-2.46%,283300
01/23/2023,1.23,1.24,1.2,1.22,-0.01,-0.81%,311400
01/20/2023,1.18,1.23,1.18,1.23,0.04,+3.36%,236900
01/19/2023,1.18,1.2,1.15,1.19,-0.02,-1.65%,305700
01/18/2023,1.23,1.27,1.2,1.21,-0.02,-1.63%,309700
01/17/2023,1.2,1.25,1.2,1.23,0.01,+0.82%,190200
01/13/2023,1.23,1.26,1.21,1.22,-0.02,-1.61%,278400
01/12/2023,1.2,1.25,1.17,1.24,0.06,+5.08%,388300
01/11/2023,1.19,1.19,1.16,1.18,0,0.00%,591400
01/10/2023,1.18,1.2,1.16,1.18,-0.01,-0.84%,384300
01/09/2023,1.19,1.25,1.18,1.19,0.01,+0.85%,644300
01/06/2023,1.12,1.19,1.11,1.18,0.06,+5.36%,394800
01/05/2023,1.13,1.15,1.11,1.12,0,0.00%,296200
01/04/2023,1.11,1.15,1.06,1.12,0.03,+2.75%,534400
01/03/2023,1.13,1.155,1.06,1.09,-0.03,-2.68%,686200
12/30/2022,1.07,1.14,1.06,1.12,0.04,+3.70%,816000
12/29/2022,1.05,1.0994,1.05,1.08,0.03,+2.86%,586800
12/28/2022,1.09,1.1,1.05,1.05,-0.06,-5.41%,583000
12/27/2022,1.12,1.14,1.08,1.11,-0.01,-0.89%,524100
12/23/2022,1.13,1.1599,1.05,1.12,-0.01,-0.88%,966700
12/22/2022,1.16,1.16,1.12,1.13,-0.05,-4.24%,352000
12/21/2022,1.14,1.2,1.12,1.18,0.03,+2.61%,507400
12/20/2022,1.13,1.15,1.1,1.15,0.03,+2.68%,477200
12/19/2022,1.15,1.1799,1.102,1.12,-0.03,-2.61%,452100
12/16/2022,1.16,1.2,1.15,1.15,-0.03,-2.54%,670900
12/15/2022,1.25,1.26,1.16,1.18,-0.07,-5.60%,945500
12/14/2022,1.26,1.3,1.24,1.25,-0.01,-0.79%,590700
12/13/2022,1.35,1.35,1.25,1.26,-0.07,-5.26%,952800
12/12/2022,1.3,1.35,1.3,1.33,0.04,+3.10%,449000
12/09/2022,1.31,1.33,1.2801,1.29,-0.04,-3.01%,417700
12/08/2022,1.33,1.385,1.28,1.33,0.04,+3.10%,642200
12/07/2022,1.37,1.38,1.28,1.29,-0.27,-17.31%,1773500
12/06/2022,1.58,1.585,1.52,1.56,-0.01,-0.64%,656500
12/05/2022,1.58,1.63,1.55,1.57,0.01,+0.64%,674200
12/02/2022,1.63,1.6301,1.54,1.56,-0.05,-3.11%,1145900
12/01/2022,1.65,1.75,1.61,1.61,-0.03,-1.83%,1475800
11/30/2022,1.6,1.7,1.59,1.64,0.03,+1.86%,1381700
11/29/2022,1.62,1.67,1.58,1.61,-0.03,-1.83%,693200
11/28/2022,1.62,1.69,1.5,1.64,-0.04,-2.38%,1351700
11/25/2022,1.47,1.69,1.45,1.68,0.23,+15.86%,1772900
11/23/2022,1.35,1.47,1.35,1.45,0.13,+9.85%,1678100
11/22/2022,1.28,1.35,1.28,1.32,0.03,+2.33%,336700
11/21/2022,1.3,1.315,1.27,1.29,-0.03,-2.27%,345400
11/18/2022,1.34,1.34,1.3,1.32,0.03,+2.33%,363400
11/17/2022,1.29,1.37,1.24,1.29,0.04,+3.20%,1045000
11/16/2022,1.25,1.2662,1.23,1.25,0,0.00%,538700
11/15/2022,1.27,1.28,1.23,1.25,-0.01,-0.79%,376600
11/14/2022,1.27,1.28,1.23,1.26,-0.01,-0.79%,357200
11/11/2022,1.2,1.28,1.2,1.27,0.08,+6.72%,502100
11/10/2022,1.21,1.22,1.18,1.19,0.01,+0.85%,369900
11/09/2022,1.2,1.205,1.15,1.18,-0.01,-0.84%,426300
11/08/2022,1.19,1.21,1.18,1.19,0.01,+0.85%,427700
11/07/2022,1.19,1.21,1.16,1.18,-0.02,-1.67%,393700
11/04/2022,1.2,1.23,1.14,1.2,0.04,+3.45%,726800
11/03/2022,1.19,1.21,1.15,1.16,-0.03,-2.52%,415800
11/02/2022,1.27,1.28,1.19,1.19,-0.09,-7.03%,456700
11/01/2022,1.23,1.28,1.23,1.28,0.05,+4.07%,347700
10/31/2022,1.2,1.24,1.2,1.23,0.03,+2.50%,324600
10/28/2022,1.18,1.24,1.18,1.2,0.02,+1.69%,375200
10/27/2022,1.2,1.23,1.18,1.18,-0.02,-1.67%,166900
10/26/2022,1.2,1.27,1.1719,1.2,0,0.00%,708500
10/25/2022,1.14,1.21,1.1347,1.2,0.07,+6.19%,424400
10/24/2022,1.14,1.16,1.1006,1.13,-0.01,-0.88%,356400
10/21/2022,1.11,1.16,1.105,1.14,0.03,+2.70%,359300
10/20/2022,1.12,1.15,1.11,1.11,-0.02,-1.77%,342000
10/19/2022,1.13,1.15,1.115,1.13,-0.01,-0.88%,223200
10/18/2022,1.15,1.17,1.122,1.14,0.015,+1.33%,268500
10/17/2022,1.12,1.15,1.1,1.125,0.025,+2.27%,350200
10/14/2022,1.12,1.16,1.1,1.1,-0.06,-5.17%,288400
10/13/2022,1.08,1.18,1.08,1.16,0.03,+2.65%,424300
10/12/2022,1.12,1.135,1.1,1.13,0.01,+0.89%,242800
10/11/2022,1.15,1.17,1.105,1.12,-0.05,-4.27%,303700
10/10/2022,1.16,1.18,1.14,1.17,0.01,+0.86%,388200
10/07/2022,1.19,1.208,1.14,1.16,-0.04,-3.33%,728600
10/06/2022,1.27,1.29,1.17,1.2,-0.07,-5.51%,906200
10/05/2022,1.13,1.3,1.13,1.27,0.09,+7.63%,1720000
10/04/2022,1.13,1.193,1.12,1.18,0.07,+6.31%,1290800
10/03/2022,1.17,1.17,1.04,1.11,-0.01,-0.89%,480700
09/30/2022,1.11,1.14,1.0958,1.12,0.01,+0.90%,221000
09/29/2022,1.16,1.16,1.09,1.11,-0.05,-4.31%,367200
09/28/2022,1.12,1.17,1.11,1.16,0.02,+1.75%,622000
09/27/2022,1.13,1.15,1.11,1.14,0.03,+2.70%,242000
09/26/2022,1.09,1.17,1.09,1.11,0.02,+1.83%,572900
09/23/2022,1.15,1.16,1.07,1.09,-0.07,-6.03%,782900
09/22/2022,1.22,1.23,1.16,1.16,-0.08,-6.45%,644000
09/21/2022,1.23,1.26,1.23,1.24,0.01,+0.81%,408500
09/20/2022,1.25,1.27,1.22,1.23,-0.02,-1.60%,450800
09/19/2022,1.28,1.3102,1.24,1.25,-0.04,-3.10%,732400
09/16/2022,1.29,1.315,1.27,1.29,-0.03,-2.27%,316400
09/15/2022,1.32,1.35,1.3,1.32,0.02,+1.54%,478100
09/14/2022,1.3,1.32,1.28,1.3,0,0.00%,467400
09/13/2022,1.3,1.33,1.28,1.3,-0.03,-2.26%,629500
09/12/2022,1.38,1.38,1.33,1.33,-0.04,-2.92%,397300
09/09/2022,1.34,1.39,1.34,1.37,0.05,+3.79%,558200
09/08/2022,1.32,1.325,1.275,1.32,0.01,+0.76%,639900
09/07/2022,1.27,1.32,1.27,1.31,0.03,+2.34%,699100
09/06/2022,1.31,1.31,1.27,1.28,-0.02,-1.54%,787200
09/02/2022,1.32,1.37,1.3,1.3,-0.04,-2.99%,730700
09/01/2022,1.37,1.37,1.305,1.34,-0.02,-1.47%,678200
08/31/2022,1.38,1.4,1.35,1.36,-0.02,-1.45%,633600
08/30/2022,1.4,1.41,1.36,1.38,-0.03,-2.13%,902400
08/29/2022,1.44,1.49,1.41,1.41,-0.03,-2.08%,1146300
08/26/2022,1.52,1.55,1.44,1.44,-0.11,-7.10%,1169800
08/25/2022,1.55,1.56,1.52,1.55,0.02,+1.31%,880500
08/24/2022,1.55,1.59,1.53,1.53,-0.04,-2.55%,1513500
08/23/2022,1.53,1.57,1.53,1.57,0.03,+1.95%,522200
08/22/2022,1.54,1.58,1.51,1.54,-0.04,-2.53%,494900
08/19/2022,1.61,1.615,1.5696,1.58,-0.07,-4.24%,657100
08/18/2022,1.63,1.675,1.5988,1.65,0,0.00%,466000
08/17/2022,1.63,1.65,1.59,1.65,-0.03,-1.79%,693700
08/16/2022,1.71,1.71,1.65,1.68,-0.01,-0.59%,550000
08/15/2022,1.69,1.7104,1.6449,1.69,-0.05,-2.87%,649500
08/12/2022,1.77,1.7776,1.71,1.74,-0.04,-2.25%,643800
08/11/2022,1.77,1.79,1.75,1.78,0.03,+1.71%,730900
08/10/2022,1.73,1.76,1.7051,1.75,0.06,+3.55%,728700
08/09/2022,1.78,1.8,1.67,1.69,-0.02,-1.17%,1123400
08/08/2022,1.76,1.76,1.675,1.71,0.01,+0.59%,690200
08/05/2022,1.67,1.75,1.63,1.7,0.02,+1.19%,952200
08/04/2022,1.74,1.74,1.66,1.68,-0.04,-2.33%,499900
08/03/2022,1.68,1.73,1.66,1.72,0.05,+2.99%,423100
08/02/2022,1.67,1.69,1.63,1.67,0.01,+0.60%,507100
08/01/2022,1.6,1.75,1.57,1.66,0.06,+3.75%,771100
07/29/2022,1.59,1.62,1.57,1.6,0,0.00%,471900
07/28/2022,1.54,1.77,1.5301,1.6,0.05,+3.23%,1045100
07/27/2022,1.45,1.56,1.45,1.55,0.12,+8.39%,825600
07/26/2022,1.45,1.499,1.43,1.43,-0.07,-4.67%,515900
07/25/2022,1.49,1.52,1.485,1.5,0,0.00%,357600
07/22/2022,1.49,1.54,1.49,1.5,-0.01,-0.66%,845100
07/21/2022,1.48,1.53,1.455,1.51,0.03,+2.03%,1003700
07/20/2022,1.44,1.51,1.44,1.48,0.02,+1.37%,607600
07/19/2022,1.38,1.5,1.38,1.46,0.1,+7.35%,767500
07/18/2022,1.38,1.42,1.36,1.36,-0.01,-0.73%,694600
07/15/2022,1.32,1.38,1.305,1.37,0.06,+4.58%,519000
07/14/2022,1.27,1.33,1.27,1.31,-0.01,-0.76%,426500
07/13/2022,1.29,1.32,1.28,1.32,0.01,+0.76%,209700
07/12/2022,1.29,1.32,1.27,1.31,0.02,+1.55%,325000
07/11/2022,1.34,1.342,1.29,1.29,-0.07,-5.15%,494100
07/08/2022,1.35,1.38,1.32,1.36,0.01,+0.74%,453500
07/07/2022,1.3,1.36,1.3,1.35,0.05,+3.85%,720900
07/06/2022,1.32,1.34,1.25,1.3,-0.04,-2.99%,1121900
07/05/2022,1.34,1.34,1.28,1.34,0.01,+0.75%,581000
07/01/2022,1.36,1.37,1.31,1.33,-0.01,-0.75%,1174600
06/30/2022,1.4,1.4,1.325,1.34,-0.06,-4.29%,631000
06/29/2022,1.45,1.46,1.39,1.4,-0.05,-3.45%,594100
06/28/2022,1.53,1.53,1.44,1.45,-0.07,-4.61%,567100
06/27/2022,1.53,1.59,1.48,1.52,0.02,+1.33%,844900
06/24/2022,1.45,1.51,1.44,1.5,0.07,+4.90%,618900
06/23/2022,1.4,1.5,1.33,1.43,0.05,+3.62%,1669800
06/22/2022,1.45,1.475,1.38,1.38,-0.09,-6.12%,1174300
06/21/2022,1.46,1.518,1.42,1.47,0.02,+1.38%,752500
06/17/2022,1.45,1.49,1.43,1.45,0,0.00%,569700
06/16/2022,1.53,1.532,1.4301,1.45,-0.12,-7.64%,914200
06/15/2022,1.57,1.59,1.53,1.57,0.02,+1.29%,1059400
06/14/2022,1.54,1.63,1.52,1.55,0.03,+1.97%,1010400
06/13/2022,1.62,1.63,1.51,1.52,-0.17,-10.06%,1556100
06/10/2022,1.69,1.74,1.66,1.69,-0.01,-0.59%,1230700
06/09/2022,1.88,1.89,1.69,1.7,-0.17,-9.09%,2405700
06/08/2022,1.9,1.91,1.86,1.87,-0.065,-3.36%,1353500
06/07/2022,1.94,1.96,1.851,1.935,-0.005,-0.26%,980500
06/06/2022,1.98,2.05,1.92,1.94,-0.02,-1.02%,1014900
06/03/2022,1.94,1.97,1.9,1.96,0,0.00%,835300
06/02/2022,1.93,2.02,1.93,1.96,0.01,+0.51%,993000
06/01/2022,1.96,1.98,1.88,1.95,-0.01,-0.51%,1298500
05/31/2022,2,2.09,1.91,1.96,0.01,+0.51%,1442100
05/27/2022,1.93,1.965,1.91,1.95,0.01,+0.52%,958900
05/26/2022,1.87,1.98,1.87,1.94,0.07,+3.74%,881400
05/25/2022,1.89,1.9,1.81,1.87,0.02,+1.08%,1048300
05/24/2022,1.92,1.92,1.85,1.85,-0.1,-5.13%,1249900
05/23/2022,1.93,1.975,1.86,1.95,0.02,+1.04%,936600
05/20/2022,2.03,2.0603,1.895,1.93,-0.09,-4.46%,1233800
05/19/2022,1.92,2.03,1.92,2.02,0.05,+2.54%,1243200
05/18/2022,2.04,2.12,1.92,1.97,-0.08,-3.90%,1513900
05/17/2022,1.92,2.06,1.92,2.05,0.17,+9.04%,2003800
05/16/2022,1.9,1.94,1.85,1.88,-0.02,-1.05%,1005600
05/13/2022,1.86,1.96,1.855,1.9,0.04,+2.15%,1431700
05/12/2022,1.83,1.9,1.76,1.86,-0.01,-0.53%,1625800
05/11/2022,1.9,2.02,1.85,1.87,0.01,+0.54%,2389800
05/10/2022,1.92,1.938,1.78,1.86,0.1,+5.68%,1710100
05/09/2022,1.89,1.89,1.75,1.76,-0.16,-8.33%,2518800
05/06/2022,1.95,1.9796,1.85,1.92,-0.05,-2.54%,1067900
05/05/2022,2.07,2.08,1.95,1.97,-0.12,-5.74%,1584400
05/04/2022,2.1,2.11,1.99,2.09,-0.02,-0.95%,1495700
05/03/2022,1.94,2.12,1.94,2.11,0.12,+6.03%,1568400
05/02/2022,1.86,1.99,1.86,1.99,0.12,+6.42%,1536700
04/29/2022,1.94,2.1,1.84,1.87,-0.07,-3.61%,1784700
04/28/2022,1.87,1.96,1.77,1.94,0.13,+7.18%,2442200
04/27/2022,1.99,2.01,1.81,1.81,-0.17,-8.59%,2764900
04/26/2022,2.02,2.07,1.97,1.98,-0.07,-3.41%,1420000
04/25/2022,2.19,2.19,2,2.05,-0.18,-8.07%,2390700
04/22/2022,2.1,2.319,2.038,2.23,0.12,+5.69%,3229300
04/21/2022,2.33,2.34,2.08,2.11,-0.19,-8.26%,2676600
04/20/2022,2.44,2.45,2.27,2.3,-0.1,-4.17%,1783900
04/19/2022,2.25,2.41,2.225,2.4,0.18,+8.11%,3493000
04/18/2022,2.35,2.38,2.17,2.22,-0.13,-5.53%,2775500
04/14/2022,2.3,2.36,2.16,2.35,0.11,+4.91%,4614800
04/13/2022,2.08,2.33,2.0631,2.24,0.24,+12.00%,9033300
04/12/2022,2,2.12,1.88,2,0.01,+0.50%,5231300
04/11/2022,1.75,2.14,1.75,1.99,0.33,+19.88%,14912800
04/08/2022,1.66,1.69,1.65,1.66,-0.03,-1.78%,610700
04/07/2022,1.73,1.73,1.63,1.69,-0.04,-2.31%,1269600
04/06/2022,1.79,1.8,1.68,1.73,-0.04,-2.26%,1530400
04/05/2022,1.88,1.8999,1.75,1.77,-0.1,-5.35%,1735700
04/04/2022,1.81,1.89,1.81,1.87,0.07,+3.89%,1248700
04/01/2022,1.86,1.89,1.78,1.8,-0.04,-2.17%,1389500
03/31/2022,1.86,1.8901,1.83,1.84,-0.01,-0.54%,1078400
03/30/2022,1.89,2,1.83,1.85,-0.05,-2.63%,2659400
03/29/2022,1.84,1.9,1.79,1.9,0.06,+3.26%,2070700
03/28/2022,1.72,1.88,1.72,1.84,0.11,+6.36%,2145000
03/25/2022,1.74,1.74,1.68,1.73,-0.01,-0.57%,928000
03/24/2022,1.81,1.81,1.71,1.74,-0.04,-2.25%,1396100
03/23/2022,1.8,1.85,1.765,1.78,0.01,+0.56%,1610200
03/22/2022,1.75,1.79,1.7226,1.77,0.05,+2.91%,1267300
03/21/2022,1.72,1.78,1.71,1.72,0.02,+1.18%,1144500
03/18/2022,1.69,1.72,1.64,1.7,0,0.00%,1185700
03/17/2022,1.7,1.72,1.67,1.7,0.01,+0.59%,861200
03/16/2022,1.64,1.7,1.58,1.69,0.09,+5.63%,1305200
03/15/2022,1.59,1.62,1.52,1.6,-0.02,-1.23%,1118300
03/14/2022,1.8,1.8,1.605,1.62,-0.16,-8.99%,1781500
03/11/2022,1.79,1.82,1.715,1.78,0.02,+1.14%,1353100
03/10/2022,1.76,1.88,1.72,1.76,-0.06,-3.30%,1867000
03/09/2022,1.82,1.86,1.77,1.82,0.03,+1.68%,1682800
03/08/2022,1.94,1.95,1.73,1.79,-0.09,-4.79%,4816300
03/07/2022,1.62,1.9,1.6,1.88,0.25,+15.34%,6180400
03/04/2022,1.66,1.6897,1.61,1.63,-0.04,-2.40%,1423100
03/03/2022,1.65,1.72,1.59,1.67,0.07,+4.38%,1554700
03/02/2022,1.63,1.6499,1.59,1.6,-0.02,-1.23%,1148500
03/01/2022,1.7,1.7098,1.57,1.62,-0.04,-2.41%,1488800
02/28/2022,1.57,1.68,1.55,1.66,0.09,+5.73%,1774400
02/25/2022,1.6,1.605,1.5303,1.57,-0.02,-1.26%,955800
02/24/2022,1.42,1.61,1.38,1.59,0.04,+2.58%,2434000
02/23/2022,1.62,1.6279,1.52,1.55,-0.06,-3.73%,1399800
02/22/2022,1.57,1.67,1.56,1.61,-0.04,-2.42%,1776800
02/18/2022,1.65,1.6995,1.55,1.65,-0.03,-1.79%,2020700
02/17/2022,1.79,1.8094,1.65,1.68,-0.11,-6.15%,2627400
02/16/2022,1.83,1.85,1.745,1.79,-0.04,-2.19%,2067800
02/15/2022,1.77,1.88,1.74,1.83,0.12,+7.02%,3555800
02/14/2022,1.83,1.85,1.645,1.71,-0.19,-10.00%,4691500
02/11/2022,1.94,2.04,1.74,1.9,0.07,+3.83%,13664000
02/10/2022,1.74,1.95,1.73,1.83,0.105,+6.09%,6923900
02/09/2022,1.51,1.7495,1.51,1.725,0.245,+16.55%,5854100
02/08/2022,1.44,1.5,1.39,1.48,0.025,+1.72%,2807400
02/07/2022,1.3299,1.52,1.31,1.455,0.245,+20.25%,12930300
02/04/2022,1.19,1.23,1.17,1.21,0.02,+1.68%,586700
02/03/2022,1.18,1.225,1.18,1.19,-0.05,-4.03%,762700
02/02/2022,1.28,1.29,1.195,1.24,-0.04,-3.13%,966300
02/01/2022,1.21,1.29,1.185,1.28,0.09,+7.56%,1157800
01/31/2022,1.15,1.2,1.15,1.19,0.05,+4.39%,965000
01/28/2022,1.08,1.15,1.07,1.14,0.06,+5.56%,981000
01/27/2022,1.11,1.12,1.05,1.08,-0.02,-1.82%,1211900
01/26/2022,1.2,1.23,1.075,1.1,-0.07,-5.98%,1567100
01/25/2022,1.09,1.19,1.08,1.17,0.08,+7.34%,1415900
01/24/2022,1.11,1.12,1,1.09,-0.04,-3.54%,3547200
01/21/2022,1.21,1.235,1.12,1.13,-0.1,-8.13%,3716300
01/20/2022,1.28,1.3,1.23,1.23,-0.03,-2.38%,1157600
01/19/2022,1.2954,1.3,1.2316,1.26,-0.02,-1.56%,1329400
01/18/2022,1.34,1.3599,1.28,1.28,-0.07,-5.19%,1327000
01/14/2022,1.34,1.365,1.33,1.35,0,0.00%,1166400
01/13/2022,1.39,1.42,1.35,1.35,-0.03,-2.17%,1149700
01/12/2022,1.41,1.42,1.34,1.38,0,0.00%,1327300
01/11/2022,1.33,1.42,1.33,1.38,0.03,+2.22%,933500
01/10/2022,1.38,1.39,1.32,1.35,-0.04,-2.88%,1493200
01/07/2022,1.44,1.47,1.38,1.39,-0.03,-2.11%,923800
01/06/2022,1.44,1.4695,1.37,1.42,-0.01,-0.70%,1265600
01/05/2022,1.53,1.55,1.41,1.43,-0.1,-6.54%,1144600
01/04/2022,1.53,1.5492,1.48,1.53,0,0.00%,923900
01/03/2022,1.42,1.53,1.42,1.53,0.11,+7.75%,1521400
12/31/2021,1.43,1.47,1.4,1.42,-0.03,-2.07%,2283200
12/30/2021,1.38,1.49,1.36,1.45,0.07,+5.07%,2457300
12/29/2021,1.48,1.48,1.37,1.38,-0.08,-5.48%,2602400
12/28/2021,1.51,1.54,1.455,1.46,-0.08,-5.19%,2034600
12/27/2021,1.6,1.6,1.53,1.54,-0.06,-3.75%,1330100
12/23/2021,1.57,1.63,1.54,1.6,0.04,+2.56%,1422800
12/22/2021,1.54,1.56,1.5001,1.56,0.02,+1.30%,1372300
12/21/2021,1.53,1.6,1.53,1.54,0.01,+0.65%,1293400
12/20/2021,1.51,1.54,1.48,1.53,-0.04,-2.55%,1573000
12/17/2021,1.52,1.62,1.4872,1.57,0.04,+2.61%,1417300
12/16/2021,1.63,1.64,1.525,1.53,-0.08,-4.97%,1146400
12/15/2021,1.55,1.63,1.5,1.61,0.07,+4.55%,2101000
12/14/2021,1.62,1.65,1.53,1.54,-0.09,-5.52%,2169600
12/13/2021,1.7137,1.719,1.62,1.63,-0.09,-5.23%,1783000
12/10/2021,1.78,1.82,1.7,1.72,-0.04,-2.27%,1536300
12/09/2021,1.82,1.84,1.75,1.76,-0.09,-4.86%,1204300
12/08/2021,1.8,1.89,1.76,1.85,0.07,+3.93%,1210400
12/07/2021,1.79,1.83,1.7549,1.78,0.04,+2.30%,1625400
12/06/2021,1.7,1.79,1.61,1.74,0.02,+1.16%,2509100
12/03/2021,1.8,1.81,1.7,1.72,-0.09,-4.97%,2405300
12/02/2021,1.77,1.82,1.72,1.81,0.05,+2.84%,1886000
12/01/2021,1.9,1.9,1.73,1.76,-0.13,-6.88%,2491500
11/30/2021,1.93,1.97,1.8,1.89,-0.04,-2.07%,2754700
11/29/2021,1.97,1.98,1.9,1.93,-0.03,-1.53%,1664700
11/26/2021,1.93,1.9787,1.89,1.96,-0.04,-2.00%,1759800
11/24/2021,1.93,2.03,1.9,2,0.07,+3.63%,1852600
11/23/2021,1.95,2,1.9,1.93,-0.03,-1.53%,1862700
11/22/2021,2.01,2.02,1.88,1.96,-0.04,-2.00%,3435900
11/19/2021,2.01,2.06,1.975,2,-0.02,-0.99%,2200100
11/18/2021,2.07,2.0799,1.95,2.02,-0.03,-1.46%,2274900
11/17/2021,2.14,2.14,2.045,2.05,-0.08,-3.76%,2265900
11/16/2021,2.18,2.18,2.05,2.13,-0.05,-2.29%,3232100
11/15/2021,2.29,2.3,2.16,2.18,-0.09,-3.96%,3015300
11/12/2021,2.3,2.3,2.24,2.27,0,0.00%,2175000
11/11/2021,2.29,2.3,2.2301,2.27,0,0.00%,2500600
11/10/2021,2.37,2.39,2.25,2.27,-0.13,-5.42%,3370400
11/09/2021,2.46,2.46,2.33,2.4,-0.07,-2.83%,2496300
11/08/2021,2.49,2.5,2.4,2.47,0.13,+5.56%,5963900
11/05/2021,2.39,2.4,2.31,2.34,-0.02,-0.85%,1983700
11/04/2021,2.39,2.44,2.35,2.36,-0.03,-1.26%,2055100
11/03/2021,2.36,2.43,2.34,2.39,0,0.00%,2117400
11/02/2021,2.43,2.45,2.35,2.39,-0.06,-2.45%,1831500
11/01/2021,2.35,2.45,2.34,2.45,0.1,+4.26%,2099000
10/29/2021,2.39,2.42,2.34,2.35,-0.03,-1.26%,1375200
10/28/2021,2.26,2.3985,2.2505,2.38,0.12,+5.31%,2114600
10/27/2021,2.34,2.3779,2.23,2.26,-0.09,-3.83%,3002900
10/26/2021,2.4,2.41,2.33,2.35,-0.04,-1.67%,2467000
10/25/2021,2.34,2.4,2.32,2.39,-0.03,-1.24%,3163200
10/22/2021,2.41,2.44,2.35,2.42,-0.05,-2.02%,3166300
10/21/2021,2.53,2.57,2.445,2.47,-0.08,-3.14%,2246700
10/20/2021,2.58,2.5979,2.49,2.55,0,0.00%,2319100
10/19/2021,2.48,2.577,2.45,2.55,0.12,+4.94%,3172300
10/18/2021,2.39,2.47,2.33,2.43,0.05,+2.10%,2903100
10/15/2021,2.39,2.45,2.37,2.38,-0.02,-0.83%,2427400
10/14/2021,2.44,2.45,2.36,2.4,-0.01,-0.41%,2750200
10/13/2021,2.38,2.43,2.31,2.41,0.05,+2.12%,3194800
10/12/2021,2.38,2.41,2.31,2.36,0,0.00%,2415100
10/11/2021,2.34,2.4,2.31,2.36,0.06,+2.61%,3089100
10/08/2021,2.34,2.35,2.27,2.3,-0.05,-2.13%,1891300
10/07/2021,2.31,2.37,2.3,2.35,0.05,+2.17%,1922400
10/06/2021,2.33,2.34,2.21,2.3,-0.05,-2.13%,2704500
10/05/2021,2.39,2.45,2.31,2.35,0.01,+0.43%,2989900
10/04/2021,2.5,2.5199,2.33,2.34,-0.16,-6.40%,3919000
10/01/2021,2.49,2.53,2.42,2.5,0.06,+2.46%,2137700
09/30/2021,2.43,2.55,2.41,2.44,0.04,+1.67%,3111000
09/29/2021,2.62,2.66,2.4,2.4,-0.21,-8.05%,4111200
09/28/2021,2.7401,2.82,2.5614,2.61,-0.13,-4.74%,6443400
09/27/2021,2.54,2.75,2.53,2.74,0.19,+7.45%,5290400
09/24/2021,2.53,2.67,2.5281,2.55,-0.03,-1.16%,3530000
09/23/2021,2.53,2.59,2.445,2.58,0.09,+3.61%,3150200
09/22/2021,2.4426,2.55,2.4426,2.49,0.09,+3.75%,3958800
09/21/2021,2.37,2.4599,2.34,2.4,0.07,+3.00%,3768400
09/20/2021,2.43,2.48,2.28,2.33,-0.22,-8.63%,6113200
09/17/2021,2.6,2.67,2.45,2.55,-0.03,-1.16%,4319500
09/16/2021,2.65,2.88,2.51,2.58,-0.07,-2.64%,12082900
09/15/2021,2.3,2.69,2.29,2.65,0.35,+15.22%,12546800
09/14/2021,2.43,2.45,2.26,2.3,-0.14,-5.74%,5776800
09/13/2021,2.21,2.49,2.14,2.44,0.28,+12.96%,10200400
09/10/2021,2.24,2.26,2.1501,2.16,-0.05,-2.26%,4814900
09/09/2021,2.15,2.27,2.11,2.21,0.05,+2.31%,2050700
09/08/2021,2.25,2.26,2.13,2.16,-0.11,-4.85%,2198800
09/07/2021,2.28,2.38,2.25,2.27,-0.02,-0.87%,3323300
09/03/2021,2.34,2.35,2.26,2.29,-0.06,-2.55%,3303400
09/02/2021,2.29,2.43,2.23,2.35,0.1,+4.44%,5046800
09/01/2021,2.2572,2.34,2.215,2.25,-0.05,-2.17%,2396300
08/31/2021,2.21,2.3,2.1607,2.3,0.07,+3.14%,2496200
08/30/2021,2.2699,2.2699,2.125,2.23,-0.02,-0.89%,2731600
08/27/2021,2.2,2.29,2.16,2.25,0.08,+3.69%,3678800
08/26/2021,2.1,2.24,2.1,2.17,0.07,+3.33%,3524200
08/25/2021,2.13,2.2,2.05,2.1,0.01,+0.48%,3710300
08/24/2021,1.97,2.17,1.95,2.09,0.13,+6.63%,4404400
08/23/2021,1.88,1.96,1.8682,1.96,0.05,+2.62%,2744300
08/20/2021,1.92,1.93,1.87,1.91,0.04,+2.14%,1455900
08/19/2021,1.95,1.99,1.86,1.87,-0.12,-6.03%,2858700
08/18/2021,1.96,2.06,1.94,1.99,0.06,+3.11%,1973800
08/17/2021,2,2.01,1.9,1.93,-0.09,-4.46%,3003800
08/16/2021,2.13,2.13,1.965,2.02,-0.12,-5.61%,2979200
08/13/2021,2.18,2.2,2.13,2.14,-0.04,-1.83%,2244200
08/12/2021,2.24,2.25,2.14,2.18,-0.05,-2.24%,1752000
08/11/2021,2.16,2.24,2.1216,2.23,0.06,+2.76%,2632000
08/10/2021,2.26,2.27,2.12,2.17,-0.1,-4.41%,3906500
08/09/2021,2.36,2.37,2.23,2.27,-0.03,-1.30%,2971000
08/06/2021,2.56,2.57,2.25,2.3,-0.2,-8.00%,11240500
08/05/2021,2.27,2.68,2.18,2.5,0.48,+23.76%,42466100
08/04/2021,2.08,2.09,2.01,2.02,-0.07,-3.35%,1055900
08/03/2021,2.11,2.1111,2.03,2.09,-0.01,-0.48%,1139000
08/02/2021,2.13,2.18,2.07,2.1,0.02,+0.96%,1430200
07/30/2021,2.12,2.18,2.04,2.08,-0.07,-3.26%,1652000
07/29/2021,2.14,2.24,2.07,2.15,0.01,+0.47%,2222900
07/28/2021,1.98,2.15,1.97,2.14,0.16,+8.08%,2142200
07/27/2021,2.02,2.02,1.92,1.98,-0.04,-1.98%,2226800
07/26/2021,1.98,2.1118,1.97,2.02,0.01,+0.50%,1705600
07/23/2021,2.04,2.045,1.96,2.01,-0.03,-1.47%,1547200
07/22/2021,2.17,2.19,2.04,2.04,-0.13,-5.99%,1519400
07/21/2021,2.13,2.24,2.1,2.17,0.08,+3.83%,1858000
07/20/2021,2.04,2.11,1.98,2.09,0.06,+2.96%,1714000
07/19/2021,1.9,2.15,1.89,2.03,0,0.00%,3892500
07/16/2021,2.16,2.17,2.03,2.03,-0.13,-6.02%,3083600
07/15/2021,2.16,2.2404,2.11,2.16,0,0.00%,2069000
07/14/2021,2.27,2.3,2.14,2.16,-0.07,-3.14%,2324200
07/13/2021,2.27,2.31,2.22,2.23,-0.04,-1.76%,2079900
07/12/2021,2.42,2.44,2.27,2.27,-0.18,-7.35%,2353900
07/09/2021,2.3,2.46,2.27,2.45,0.18,+7.93%,3128700
07/08/2021,2.18,2.45,2.16,2.27,-0.02,-0.87%,4561600
07/07/2021,2.43,2.44,2.23,2.29,-0.15,-6.15%,5289300
07/06/2021,2.5,2.57,2.38,2.44,-0.07,-2.79%,3842400
07/02/2021,2.63,2.63,2.46,2.51,-0.09,-3.46%,3515200
07/01/2021,2.61,2.73,2.59,2.6,-0.005,-0.19%,3920500
06/30/2021,2.63,2.645,2.55,2.605,-0.035,-1.33%,3221500
06/29/2021,2.72,2.73,2.62,2.64,-0.08,-2.94%,3771500
06/28/2021,2.74,2.78,2.66,2.72,0.01,+0.37%,4876100
06/25/2021,2.77,2.8,2.7,2.71,-0.04,-1.45%,4212400
06/24/2021,2.83,2.8488,2.72,2.75,-0.02,-0.72%,7417200
06/23/2021,2.8,2.85,2.73,2.77,-0.02,-0.72%,3522100
06/22/2021,2.72,2.86,2.58,2.79,0.06,+2.20%,6063000
06/21/2021,2.86,2.87,2.69,2.73,-0.21,-7.14%,10923300
06/18/2021,3.08,3.0801,2.9,2.94,-0.14,-4.55%,6377800
06/17/2021,3.08,3.2,3.06,3.08,-0.06,-1.91%,4283300
06/16/2021,3.12,3.165,3.02,3.14,-0.04,-1.26%,5077900
06/15/2021,3.38,3.38,3.13,3.18,-0.16,-4.79%,6444900
06/14/2021,3.46,3.53,3.32,3.34,-0.11,-3.19%,4282700
06/11/2021,3.39,3.49,3.34,3.45,0.1,+2.99%,4264300
06/10/2021,3.46,3.52,3.27,3.35,-0.09,-2.62%,4935100
06/09/2021,3.37,3.65,3.37,3.44,0.09,+2.69%,8594300
06/08/2021,3.34,3.38,3.2,3.35,0.04,+1.21%,5634000
06/07/2021,3.25,3.43,3.24,3.31,0.12,+3.76%,5608800
06/04/2021,3.65,3.6597,3.17,3.19,-0.34,-9.63%,11736200
06/03/2021,3.28,4.1,3.25,3.53,0.41,+13.14%,26661800
06/02/2021,3.27,3.29,3.07,3.12,-0.16,-4.88%,9880600
06/01/2021,3.02,3.3,3.02,3.28,0.23,+7.54%,9017700
05/28/2021,3.37,3.4184,3.05,3.05,-0.535,-14.92%,13429600
05/27/2021,3.72,3.759,3.55,3.585,-0.13,-3.50%,8403920
05/26/2021,3.839,3.85,3.62,3.715,-0.028,-0.75%,9384580
05/25/2021,3.712,4.2,3.6,3.743,0.1,+2.74%,16745778
05/24/2021,3.688,3.839,3.6,3.643,-0.604,-14.22%,16043550
05/21/2021,4.3,4.4,4.2,4.247,-0.019,-0.45%,7805359
05/20/2021,4.301,4.349,4.157,4.266,0.072,+1.72%,5704140
05/19/2021,4.246,4.375,4.15,4.194,-0.354,-7.78%,6840129
05/18/2021,4.45,4.749,4.447,4.548,0.11,+2.48%,8399820
05/17/2021,3.999,4.46,3.975,4.438,0.492,+12.47%,11345890
05/14/2021,3.9,4.073,3.851,3.946,0.084,+2.18%,6493760
05/13/2021,4.009,4.08,3.6,3.862,-0.053,-1.35%,8913630
05/12/2021,4.111,4.29,3.9,3.915,-0.262,-6.27%,4891640
05/11/2021,3.967,4.25,3.9,4.177,0.012,+0.29%,5682300
05/10/2021,4.465,4.568,4.15,4.165,-0.248,-5.62%,6307410
05/07/2021,4.232,4.539,4.232,4.413,0.263,+6.34%,6466660
05/06/2021,4.4,4.487,4.102,4.15,-0.348,-7.74%,7602950
05/05/2021,4.75,4.785,4.401,4.498,-0.207,-4.40%,7583960
05/04/2021,4.86,4.872,4.598,4.705,-0.295,-5.90%,8303599
05/03/2021,5.081,5.2,4.811,5,0.03,+0.60%,11287400
04/30/2021,5,5.245,4.921,4.97,-0.095,-1.88%,8017740
04/29/2021,5.234,5.37,4.905,5.065,-0.209,-3.96%,7714359
04/28/2021,5.27,5.447,5.126,5.274,0.062,+1.19%,7583351
04/27/2021,5.65,5.873,5.105,5.212,-0.141,-2.63%,15104510
04/26/2021,4.9,5.468,4.853,5.353,0.535,+11.10%,14948739
04/23/2021,5.086,5.12,4.805,4.818,-0.032,-0.66%,8858970
04/22/2021,4.851,5.21,4.748,4.85,0.071,+1.49%,11430060
04/21/2021,4.503,4.854,4.503,4.779,0.277,+6.15%,8560790
04/20/2021,4.809,4.99,4.5,4.502,-0.382,-7.82%,9374020
04/19/2021,4.57,5.05,4.5,4.884,0.372,+8.24%,13667690
04/16/2021,4.763,4.801,4.411,4.512,-0.039,-0.86%,12312830
04/15/2021,4.37,5.28,4.35,4.551,0.27,+6.31%,21718450
04/14/2021,4.38,4.45,4.27,4.281,-0.194,-4.34%,10095440
04/13/2021,4.419,4.613,4.218,4.475,-0.126,-2.74%,12535620
04/12/2021,4.949,4.949,4.6,4.601,-0.477,-9.39%,12326950
04/09/2021,5.331,5.589,5.05,5.078,-0.087,-1.68%,16697950
04/08/2021,4.8,5.4,4.556,5.165,0.111,+2.20%,25274340
04/07/2021,5.6,5.603,5,5.054,-0.634,-11.15%,20859760
04/06/2021,5.894,5.987,5.623,5.688,-0.144,-2.47%,13155380
04/05/2021,5.697,6.029,5.595,5.832,-1.548,-20.98%,31454508
04/01/2021,7.609,7.615,7.201,7.38,-0.23,-3.02%,5132650
03/31/2021,7.9,7.9,7.6,7.61,-0.15,-1.93%,3215310
03/30/2021,7.985,8,7.41,7.76,-0.06,-0.77%,3693540
03/29/2021,7.8,8.4,7.797,7.82,-0.18,-2.25%,2734380
03/26/2021,8.3,8.5,7.74,8,-0.281,-3.39%,3658460
03/25/2021,7.3,8.3,7,8.281,0.521,+6.71%,7864849
03/24/2021,8.6,8.691,7.705,7.76,-1.057,-11.99%,7205460
03/23/2021,9,9.297,8.705,8.817,-0.293,-3.22%,4341150
03/22/2021,9.471,9.561,9.1,9.11,-0.363,-3.83%,4271710
03/19/2021,9.52,9.698,9.2,9.473,0.051,+0.54%,3195230
03/18/2021,9.712,10.1,9.311,9.422,-0.452,-4.58%,4247620
03/17/2021,9.27,10.1,9.1,9.874,0.299,+3.12%,5526890
03/16/2021,10.3,10.4,9.15,9.575,-0.725,-7.04%,7399130
03/15/2021,10.5,10.6,10.1,10.3,0.1,+0.98%,5945720
03/12/2021,9.639,10.2,9.525,10.2,0.311,+3.14%,6985540
03/11/2021,9.68,10,9.305,9.889,0.39,+4.11%,7094871
03/10/2021,10.2,10.7,9.004,9.499,-0.387,-3.91%,9111270
03/09/2021,8.92,10.1,8.65,9.886,1.376,+16.17%,9446230
03/08/2021,9,9.397,8.5,8.51,0.44,+5.45%,10256790
03/05/2021,7.9,8.391,6.5,8.07,0.212,+2.70%,12891310
03/04/2021,9.086,9.1,7.4,7.858,-1.617,-17.07%,14568210
03/03/2021,9.798,10.1,9.201,9.475,0.175,+1.88%,8504730
03/02/2021,10.1,10.2,9.1,9.3,-0.9,-8.82%,7320110
03/01/2021,10.6,10.7,10.1,10.2,0.21,+2.10%,5300230
02/26/2021,10.3,10.7,9.4,9.99,-0.11,-1.09%,7835259
02/25/2021,10.8,11,10,10.1,-1,-9.01%,9554490
02/24/2021,11.2,11.8,10.6,11.1,0,0.00%,12799780
02/23/2021,9.5,11.2,8.5,11.1,-1.2,-9.76%,18146120
02/22/2021,12.5,13.1,12.1,12.3,0.2,+1.65%,8529080
02/19/2021,13,13.1,12,12.1,0,0.00%,9027760
02/18/2021,11.5,13.7,11.4,12.1,0.5,+4.31%,16656740
02/17/2021,12.2,12.7,11.1,11.6,-2.4,-17.14%,15444170
02/16/2021,15.4,15.8,11.5,14,-0.7,-4.76%,22081430
02/12/2021,15.4,15.8,13.5,14.7,-2.6,-15.03%,20034140
02/11/2021,15.9,19.5,14,17.3,5.4,+45.38%,60500660
02/10/2021,11.7,13.2,10.9,11.9,1.3,+12.26%,27117332
02/09/2021,9.7,11.7,9.685,10.6,0.71,+7.18%,29134372
02/08/2021,8.436,10,8.4,9.89,2.342,+31.03%,51999160
02/05/2021,6.619,7.75,6.402,7.548,0.812,+12.05%,28825226
02/04/2021,6.825,6.9,6.5,6.736,-0.164,-2.38%,11923490
02/03/2021,6.527,7.077,6.33,6.9,0.447,+6.93%,16570620
02/02/2021,6.869,6.93,6.15,6.453,-0.647,-9.11%,15797169
02/01/2021,7.38,7.398,6.45,7.1,0.901,+14.53%,26828930
01/29/2021,7.301,7.4,5.91,6.199,0.099,+1.62%,29438718
01/28/2021,6.983,9,5.005,6.1,0.785,+14.77%,64933580
01/27/2021,3.501,5.6,3.399,5.315,1.41,+36.11%,77365120
01/26/2021,3.92,4.06,3.8,3.905,0.094,+2.47%,12331100
01/25/2021,4.072,4.15,3.34,3.811,-0.239,-5.90%,18839730
01/22/2021,4.13,4.388,3.85,4.05,-0.2,-4.71%,23694510
01/21/2021,3.485,4.3,3.32,4.25,1,+30.77%,50114292
01/20/2021,3.491,3.491,3.1,3.25,-0.159,-4.66%,16896990
01/19/2021,3.498,3.687,3.349,3.409,0.053,+1.58%,18524850
01/15/2021,3.455,3.51,3.02,3.356,-0.244,-6.78%,16466449
01/14/2021,3.64,3.7,3.211,3.6,-0.12,-3.23%,27998692
01/13/2021,3.75,4.05,3.346,3.72,0.79,+26.96%,69906984
01/12/2021,3.006,3.48,2.8,2.93,0.35,+13.57%,58051980
01/11/2021,2.04,2.75,2.01,2.58,0.63,+32.31%,30883870
01/08/2021,1.745,1.95,1.745,1.95,-0.442,-18.48%,28834470
01/07/2021,2.394,2.5,2.25,2.392,0.192,+8.73%,8829280
01/06/2021,2.348,2.47,2,2.2,-0.42,-16.03%,10902220
01/05/2021,1.87,2.759,1.869,2.62,0.759,+40.78%,28856850
01/04/2021,1.899,1.95,1.72,1.861,0.011,+0.59%,7520089
12/31/2020,2,2.178,1.833,1.85,-0.478,-20.53%,28837050
12/30/2020,1.967,2.458,1.886,2.328,0.628,+36.94%,15239011
12/29/2020,1.877,1.88,1.7,1.7,-0.16,-8.60%,1396610
12/28/2020,1.964,2.15,1.825,1.86,-0.05,-2.62%,2535990
12/24/2020,1.73,2.2,1.73,1.91,0.269,+16.39%,6703500
12/23/2020,1.58,1.657,1.53,1.641,0.093,+6.01%,801900
12/22/2020,1.581,1.59,1.53,1.548,-0.037,-2.33%,637900
12/21/2020,1.595,1.61,1.571,1.585,-0.037,-2.28%,419690
12/18/2020,1.652,1.7,1.6,1.622,0.006,+0.37%,406860
12/17/2020,1.6,1.67,1.582,1.616,0.021,+1.32%,436080
12/16/2020,1.629,1.63,1.571,1.595,-0.011,-0.68%,321260
12/15/2020,1.66,1.66,1.558,1.606,-0.042,-2.55%,537700
12/14/2020,1.65,1.66,1.62,1.648,-0.01,-0.60%,378230
12/11/2020,1.69,1.69,1.61,1.658,-0.025,-1.49%,521929
12/10/2020,1.68,1.699,1.632,1.683,-0.017,-1.00%,667770
12/09/2020,1.807,1.83,1.674,1.7,-0.013,-0.76%,1196610
12/08/2020,1.763,1.8,1.7,1.713,-0.05,-2.84%,916750
12/07/2020,1.759,1.92,1.664,1.763,-0.237,-11.85%,2648700
12/04/2020,1.6,2.08,1.56,2,0.412,+25.94%,6366550
12/03/2020,1.65,1.65,1.55,1.588,-0.037,-2.28%,686750
12/02/2020,1.67,1.672,1.6,1.625,-0.069,-4.07%,613060
12/01/2020,1.7,1.75,1.63,1.694,-0.046,-2.64%,901279
11/30/2020,1.581,1.749,1.577,1.74,0.145,+9.09%,1502340
11/27/2020,1.659,1.661,1.53,1.595,0.011,+0.69%,482800
11/25/2020,1.48,1.724,1.4,1.584,0.053,+3.46%,2315950
11/24/2020,1.6,1.67,1.5,1.531,-0.095,-5.84%,1319940
11/23/2020,1.629,1.69,1.55,1.626,-0.105,-6.07%,1724240
11/20/2020,1.86,1.94,1.63,1.731,0.183,+11.82%,5364460
11/19/2020,1.443,1.699,1.4,1.548,0.074,+5.02%,2122270
11/18/2020,1.354,1.5,1.35,1.474,0.125,+9.27%,1110450
11/17/2020,1.385,1.395,1.326,1.349,-0.027,-1.96%,264340
11/16/2020,1.36,1.419,1.34,1.376,0.044,+3.30%,400060
11/13/2020,1.4,1.4,1.3,1.332,-0.108,-7.50%,617960
11/12/2020,1.489,1.5,1.4,1.44,0.094,+6.98%,1569850
11/11/2020,1.3,1.39,1.256,1.346,0.063,+4.91%,1471830
11/10/2020,1.28,1.3,1.21,1.283,0.039,+3.14%,499870
11/09/2020,1.35,1.36,1.214,1.244,0.051,+4.27%,693530
11/06/2020,1.2,1.21,1.165,1.193,-0.008,-0.67%,318530
11/05/2020,1.219,1.219,1.18,1.201,0.001,+0.08%,282650
11/04/2020,1.223,1.228,1.18,1.2,-0.02,-1.64%,182270
11/03/2020,1.25,1.25,1.178,1.22,0.042,+3.57%,333620
11/02/2020,1.2,1.244,1.178,1.178,-0.028,-2.32%,469240
10/30/2020,1.29,1.299,1.204,1.206,-0.11,-8.36%,523849
10/29/2020,1.3,1.356,1.3,1.316,0.032,+2.49%,282420
10/28/2020,1.2,1.32,1.123,1.284,-0.121,-8.61%,1027910
10/27/2020,1.439,1.447,1.4,1.405,-0.022,-1.54%,656350
10/26/2020,1.487,1.493,1.425,1.427,-0.091,-5.99%,575400
10/23/2020,1.54,1.575,1.51,1.518,-0.009,-0.59%,364970
10/22/2020,1.485,1.556,1.48,1.527,0.028,+1.87%,641610
10/21/2020,1.478,1.51,1.478,1.499,-0.001,-0.07%,423970
10/20/2020,1.56,1.594,1.478,1.5,-0.059,-3.78%,909480
10/19/2020,1.554,1.598,1.551,1.559,0.005,+0.32%,468060
10/16/2020,1.575,1.589,1.551,1.554,-0.046,-2.88%,330000
10/15/2020,1.615,1.653,1.559,1.6,-0.055,-3.32%,390670
10/14/2020,1.65,1.734,1.611,1.655,0.029,+1.78%,610530
10/13/2020,1.71,1.714,1.6,1.626,-0.091,-5.30%,476299
10/12/2020,1.66,1.765,1.65,1.717,0.092,+5.66%,984509
10/09/2020,1.6,1.67,1.599,1.625,0.045,+2.85%,794230
10/08/2020,1.64,1.646,1.527,1.58,-0.06,-3.66%,890779
10/07/2020,1.71,1.919,1.598,1.64,0.05,+3.14%,3153110
10/06/2020,1.55,1.617,1.511,1.59,0.042,+2.71%,1070560
10/05/2020,1.53,1.565,1.5,1.548,-0.007,-0.45%,395390
10/02/2020,1.51,1.599,1.5,1.555,-0.03,-1.89%,397620
10/01/2020,1.61,1.65,1.522,1.585,0.044,+2.86%,1393300
09/30/2020,1.555,1.629,1.501,1.541,-0.059,-3.69%,451800
09/29/2020,1.57,1.648,1.55,1.6,0.002,+0.13%,390560
09/28/2020,1.51,1.665,1.5,1.598,0.122,+8.27%,1126510
09/25/2020,1.48,1.555,1.45,1.476,-0.019,-1.27%,914410
09/24/2020,1.451,1.495,1.416,1.495,-0.004,-0.27%,558310
09/23/2020,1.574,1.6,1.468,1.499,-0.05,-3.23%,654410
09/22/2020,1.506,1.559,1.5,1.549,0.059,+3.96%,397560
09/21/2020,1.53,1.548,1.48,1.49,-0.09,-5.70%,481389
09/18/2020,1.6,1.618,1.53,1.58,-0.008,-0.50%,782780
09/17/2020,1.601,1.634,1.56,1.588,-0.049,-2.99%,363090
09/16/2020,1.56,1.637,1.552,1.637,0.038,+2.38%,513180
09/15/2020,1.53,1.649,1.515,1.599,0.049,+3.16%,905849
09/14/2020,1.54,1.575,1.467,1.55,-0.035,-2.21%,1200320
09/11/2020,1.708,1.995,1.516,1.585,0.101,+6.81%,6911689
09/10/2020,1.5,1.537,1.466,1.484,-0.024,-1.59%,794960
09/09/2020,1.598,1.606,1.481,1.508,-0.102,-6.34%,683650
09/08/2020,1.554,1.645,1.55,1.61,-0.04,-2.42%,385730
09/04/2020,1.559,1.65,1.5,1.65,0.05,+3.13%,525480
09/03/2020,1.68,1.68,1.56,1.6,-0.1,-5.88%,393470
09/02/2020,1.66,1.756,1.57,1.7,0.022,+1.31%,687310
09/01/2020,1.7,1.788,1.61,1.678,-0.08,-4.55%,590590
08/31/2020,1.85,1.865,1.7,1.758,-0.087,-4.72%,715440
08/28/2020,1.69,1.95,1.66,1.845,0.201,+12.23%,1781909
08/27/2020,1.75,1.789,1.6,1.644,-0.256,-13.47%,1494110
08/26/2020,1.5,2.149,1.49,1.9,0.42,+28.38%,3346340
08/25/2020,1.49,1.542,1.463,1.48,0,0.00%,418190
08/24/2020,1.485,1.519,1.454,1.48,-0.059,-3.83%,443380
08/21/2020,1.57,1.605,1.468,1.539,-0.111,-6.73%,721740
08/20/2020,1.43,1.675,1.43,1.65,0.19,+13.01%,1661960
08/19/2020,1.48,1.548,1.4,1.46,-0.05,-3.31%,883600
08/18/2020,1.6,1.65,1.45,1.51,-0.174,-10.33%,1173840
08/17/2020,1.7,1.715,1.62,1.684,-0.04,-2.32%,553820
08/14/2020,1.731,1.799,1.651,1.724,-0.007,-0.40%,563130
08/13/2020,1.805,1.825,1.636,1.731,-0.094,-5.15%,974400
08/12/2020,1.89,1.897,1.8,1.825,-0.072,-3.80%,651910
08/11/2020,1.95,1.95,1.891,1.897,-0.008,-0.42%,528000
08/10/2020,2,2,1.89,1.905,-0.057,-2.91%,596590
08/07/2020,2,2,1.91,1.962,-0.039,-1.95%,438829
08/06/2020,2.039,2.05,1.98,2.001,0.024,+1.21%,498840
08/05/2020,1.851,2.05,1.851,1.977,0.065,+3.40%,931640
08/04/2020,1.911,1.947,1.801,1.912,-0.063,-3.19%,518690
08/03/2020,1.96,1.999,1.825,1.975,-0.065,-3.19%,1169080
07/31/2020,2,2.04,1.925,2.04,0.04,+2.00%,707280
07/30/2020,2.046,2.055,1.96,2,-0.117,-5.53%,707060
07/29/2020,2.15,2.25,2.045,2.117,0.076,+3.72%,1262850
07/28/2020,2,2.089,1.901,2.041,0.051,+2.56%,1011010
07/27/2020,2.08,2.086,1.93,1.99,-0.11,-5.24%,1158560
07/24/2020,2.16,2.172,2.049,2.1,-0.099,-4.50%,1018680
07/23/2020,2.235,2.248,2.149,2.199,-0.079,-3.47%,861200
07/22/2020,2.3,2.331,2.19,2.278,-0.062,-2.65%,1333740
07/21/2020,2.2,2.38,2.101,2.34,0.06,+2.63%,2221750
07/20/2020,2.39,2.398,2.04,2.28,-0.205,-8.25%,3696069
07/17/2020,2.645,2.655,2.459,2.485,-0.065,-2.55%,2253660
07/16/2020,2.5,2.58,2.32,2.55,0.004,+0.16%,2594250
07/15/2020,2.63,2.7,2.466,2.546,-0.074,-2.82%,1858670
07/14/2020,2.64,2.729,2.412,2.62,0.036,+1.39%,2192600
07/13/2020,2.8,2.849,2.52,2.584,-0.871,-25.21%,7167790
07/10/2020,3.4,3.95,3.184,3.455,-0.115,-3.22%,2379460
07/09/2020,3.2,3.798,3.18,3.57,0.371,+11.60%,2284690
07/08/2020,3.2,3.27,3.12,3.199,-0.091,-2.77%,488570
07/07/2020,3.3,3.35,3,3.29,-0.102,-3.01%,666960
07/06/2020,3.4,3.56,3.2,3.392,0.102,+3.10%,860640
07/02/2020,3.622,3.63,2.1,3.29,-0.387,-10.52%,1547570
07/01/2020,3.9,3.905,3.65,3.677,-0.323,-8.08%,1350510
06/30/2020,4.701,4.701,3.855,4,0.05,+1.27%,3415810
06/29/2020,4.15,4.2,3.7,3.95,-0.17,-4.13%,1855200
06/26/2020,4.6,4.624,3.5,4.12,-0.553,-11.83%,3627649
06/25/2020,4.557,5,4.254,4.673,0.408,+9.57%,4487370
06/24/2020,3.85,4.48,3.774,4.265,-2.035,-32.30%,11139060
06/23/2020,5.839,7,5.401,6.3,-0.101,-1.58%,1128370
06/22/2020,7,7,6.36,6.401,-0.699,-9.85%,320730
06/19/2020,7.682,7.695,6.88,7.1,-0.3,-4.05%,205560
06/18/2020,6.85,7.7,6.55,7.4,0.545,+7.95%,369200
06/17/2020,6.9,7.09,6.741,6.855,-0.34,-4.73%,46630
06/16/2020,7.5,7.5,6.81,7.195,-0.005,-0.07%,69440
06/15/2020,6.8,7.341,6.55,7.2,0.113,+1.59%,117450
06/12/2020,6.6,7.2,6.5,7.087,0.588,+9.05%,230520
06/11/2020,6.88,7.207,6.4,6.499,-0.801,-10.97%,147500
06/10/2020,7.2,7.81,6.9,7.3,-0.025,-0.34%,230309
06/09/2020,7.903,8,7.25,7.325,-0.955,-11.53%,176170
06/08/2020,7.7,8.45,7.3,8.28,0.605,+7.88%,544840
06/05/2020,8.201,9.05,7.218,7.675,0.345,+4.71%,1185910
06/04/2020,6.7,7.69,6.59,7.33,0.532,+7.83%,294010
06/03/2020,6.7,6.8,6.58,6.798,0.029,+0.43%,45080
06/02/2020,6.978,7.3,6.501,6.769,-0.031,-0.46%,110440
06/01/2020,6.6,7.5,6.6,6.8,0.19,+2.87%,199150
05/29/2020,6.625,6.7,6.551,6.61,-0.091,-1.36%,25440
05/28/2020,7.054,7.1,6.6,6.701,-0.289,-4.13%,39640
05/27/2020,7.4,7.58,6.8,6.99,-0.047,-0.67%,177950
05/26/2020,6.67,7.65,6.5,7.037,0.357,+5.34%,175450
05/22/2020,6.5,6.782,6.351,6.68,0.12,+1.83%,64000
05/21/2020,6.66,6.7,6.4,6.56,-0.14,-2.09%,39810
05/20/2020,6.6,6.8,6.51,6.7,0.11,+1.67%,42150
05/19/2020,7,7.115,6.533,6.59,-0.36,-5.18%,74420
05/18/2020,6.682,6.985,6.401,6.95,0.399,+6.09%,122040
05/15/2020,6.5,6.777,6.336,6.551,0.078,+1.21%,68890
05/14/2020,6.4,6.677,5.8,6.473,-0.127,-1.92%,89870
05/13/2020,6.858,6.99,6.05,6.6,-0.29,-4.21%,78640
05/12/2020,7.2,7.249,6.71,6.89,-0.11,-1.57%,100390
05/11/2020,7,7.1,6.6,7,0.1,+1.45%,84170
05/08/2020,6.8,7.1,6.734,6.9,0.277,+4.18%,102740
05/07/2020,6.403,6.9,6.403,6.623,0.025,+0.38%,61089
05/06/2020,6.6,6.849,6.4,6.598,0.023,+0.35%,49610
05/05/2020,7,7,6.504,6.575,-0.353,-5.10%,42910
05/04/2020,6.5,7.4,6.35,6.928,0.129,+1.90%,125480
05/01/2020,6.594,6.816,6.5,6.799,-0.016,-0.23%,53640
04/30/2020,6.9,7.3,6.5,6.815,-0.285,-4.01%,97650
04/29/2020,7.4,8.1,7.02,7.1,0,0.00%,335210
04/28/2020,6.7,7.5,6.45,7.1,0.467,+7.04%,439670
04/27/2020,6.5,6.786,6.2,6.633,0.034,+0.52%,70490
04/24/2020,6.8,6.85,6.31,6.599,0.097,+1.49%,96990
04/23/2020,6.2,6.896,6,6.502,0.202,+3.21%,175270
04/22/2020,6.2,6.56,6.105,6.3,-0.29,-4.40%,60840
04/21/2020,7.2,7.39,6.2,6.59,-0.41,-5.86%,228580
04/20/2020,6.2,7.2,6,7,0.71,+11.29%,280020
04/17/2020,6.7,7.004,5.95,6.29,0.19,+3.11%,221470
04/16/2020,6.1,6.1,5.802,6.1,0,0.00%,43370
04/15/2020,6.2,6.2,5.95,6.1,-0.1,-1.61%,30330
04/14/2020,6.1,6.25,5.951,6.2,0.1,+1.64%,36920
04/13/2020,6.2,6.3,5.811,6.1,0,0.00%,29120
04/09/2020,6.2,6.479,5.9,6.1,0.051,+0.84%,74090
04/08/2020,5.9,6.2,5.8,6.049,0.089,+1.49%,36040
04/07/2020,6.4,6.533,5.9,5.96,-0.24,-3.87%,69130
04/06/2020,5.6,6.69,5.516,6.2,0.551,+9.75%,207870
04/03/2020,5.8,6.19,5.326,5.649,-0.351,-5.85%,63150
04/02/2020,6,6.6,5.5,6,-0.064,-1.06%,67460
04/01/2020,6,7.091,5.7,6.064,-0.771,-11.28%,56800
03/31/2020,6,7.828,5.5,6.835,0.215,+3.25%,197990
03/30/2020,9.7,10.8,6.3,6.62,-1.153,-14.83%,547370
03/27/2020,6.9,9.5,6.3,7.773,0.893,+12.98%,630760
03/26/2020,7.4,9,6.2,6.88,0.48,+7.50%,293140
03/25/2020,5.9,7.21,5.775,6.4,0.439,+7.36%,141400
03/24/2020,5.7,6.05,5.6,5.961,0.161,+2.78%,35090
03/23/2020,5.7,6,4.82,5.8,0.244,+4.39%,39190
03/20/2020,6.1,6.7,5.5,5.556,0.136,+2.51%,82530
03/19/2020,5.4,6.45,5.3,5.42,-0.263,-4.63%,52460
03/18/2020,5.9,6.1,5.2,5.683,-0.317,-5.28%,44950
03/17/2020,7.4,8.5,5.1,6,-0.03,-0.50%,249840
03/16/2020,7,7.5,5.02,6.03,-0.627,-9.42%,52200
03/13/2020,7,9.787,6.462,6.657,-0.583,-8.05%,214940
03/12/2020,7.129,7.499,6.582,7.24,0.14,+1.97%,25850
03/11/2020,7.4,7.6,6.7,7.1,-0.24,-3.27%,47600
03/10/2020,7.6,7.6,6.5,7.34,0.251,+3.54%,30980
03/09/2020,7.8,7.8,6.5,7.089,-1.211,-14.59%,47160
03/06/2020,8.3,9.6,7.6,8.3,-0.802,-8.81%,122000
03/05/2020,10,11.4,9,9.102,-0.098,-1.07%,154120
03/04/2020,13.4,26,9.103,9.2,-0.35,-3.66%,1567200
03/03/2020,9.8,10.7,9.135,9.55,-0.204,-2.09%,6830
03/02/2020,8.6,9.8,8.3,9.754,0.954,+10.84%,7400
02/28/2020,8.122,9.2,8.122,8.8,-0.6,-6.38%,6500
02/27/2020,9.7,9.799,8.101,9.4,-0.876,-8.52%,14690
02/26/2020,10.3,10.5,10.1,10.276,-0.324,-3.06%,5620
02/25/2020,10.5,11.5,10.4,10.6,0.1,+0.95%,17000
02/24/2020,10.7,11.1,10.1,10.5,-0.8,-7.08%,13650
02/21/2020,10.5,11.7,10.2,11.3,1.095,+10.73%,32920
02/20/2020,11.876,11.993,10.2,10.205,-1.645,-13.88%,35140
02/19/2020,12.2,12.3,11.7,11.85,-0.15,-1.25%,4380
02/18/2020,11.6,12.473,11.6,12,-0.1,-0.83%,5460
02/14/2020,12.605,12.7,12.001,12.1,-0.4,-3.20%,4880
02/13/2020,12.7,12.9,12.1,12.5,-0.28,-2.19%,4430
02/12/2020,12.5,14.8,12.102,12.78,0.083,+0.65%,22790
02/11/2020,12.6,12.8,11.939,12.697,-0.203,-1.57%,5150
02/10/2020,12.9,13.206,12.5,12.9,-0.45,-3.37%,3780
02/07/2020,13.5,13.55,12.931,13.35,0.35,+2.69%,3110
02/06/2020,13.7,15.721,12.5,13,-1.07,-7.60%,9540
02/05/2020,13.6,14.338,13.6,14.07,0.47,+3.46%,1200
02/04/2020,14,14.45,13.6,13.6,-0.6,-4.23%,2370
02/03/2020,13.4,14.6,13,14.2,0.4,+2.90%,3090
01/31/2020,13.8,14.441,12.476,13.8,0.5,+3.76%,9040
01/30/2020,14.1,15,12.537,13.3,-1.4,-9.52%,13380
01/29/2020,14.2,17,13.802,14.7,0,0.00%,29070
01/28/2020,14.2,15.2,13.6,14.7,-1.3,-8.13%,20140
01/27/2020,15.3,16.4,15.1,16,0.7,+4.58%,9090
01/24/2020,16.5,16.799,15.3,15.3,-1.634,-9.65%,14040
01/23/2020,17,17.2,16.4,16.934,-0.066,-0.39%,5270
01/22/2020,17.5,18.6,16.7,17,-0.7,-3.95%,8270
01/21/2020,18.2,18.6,17.5,17.7,-0.9,-4.84%,7180
01/17/2020,18.4,18.9,18,18.6,0.1,+0.54%,4410
01/16/2020,18.4,19.2,18.4,18.5,-0.1,-0.54%,5320
01/15/2020,18.9,18.9,18.451,18.6,-0.1,-0.53%,2830
01/14/2020,19.3,19.4,18.301,18.7,0.5,+2.75%,11320
01/13/2020,18.1,18.6,17.5,18.2,0.2,+1.11%,12200
01/10/2020,18.5,18.7,17.6,18,-0.4,-2.17%,10010
01/09/2020,18.5,18.909,18.2,18.4,-0.4,-2.13%,5350
01/08/2020,18.8,19,18.6,18.8,-0.4,-2.08%,5350
01/07/2020,19.4,19.5,18.7,19.2,-0.2,-1.03%,5860
01/06/2020,19.8,20,19.106,19.4,0.2,+1.04%,9120
01/03/2020,19.1,20.3,19,19.2,0.163,+0.86%,14070
01/02/2020,18.6,19.796,18.53,19.037,0.537,+2.90%,20080
12/31/2019,18.1,19.114,18,18.5,0.15,+0.82%,11360
12/30/2019,18.3,18.8,18.15,18.35,-0.257,-1.38%,8230
12/27/2019,18.6,19.1,18.5,18.607,-0.193,-1.03%,6340
12/26/2019,18.7,19.199,18.7,18.8,0.101,+0.54%,5360
12/24/2019,18.8,19.4,18.6,18.699,-0.301,-1.58%,7620
12/23/2019,19.3,19.7,18.702,19,-0.5,-2.56%,11230
12/20/2019,19.2,20,19.1,19.5,0.1,+0.52%,12640
12/19/2019,19.3,20.541,18.6,19.4,-0.3,-1.52%,20440
12/18/2019,19.1,20.4,18.3,19.7,0.7,+3.68%,29230
12/17/2019,21.5,21.5,18.2,19,-1.646,-7.97%,13150
12/16/2019,22.1,22.5,20.2,20.646,-1.51,-6.82%,19230
12/13/2019,22.8,23,21.6,22.156,-0.544,-2.40%,3500
12/12/2019,21.5,23.7,21.4,22.7,0.8,+3.65%,20690
12/11/2019,22.2,22.475,20.7,21.9,-0.5,-2.23%,6870
12/10/2019,22.5,23.299,21.9,22.4,-0.3,-1.32%,5240
12/09/2019,22.9,23.9,21.8,22.7,-0.9,-3.81%,6130
12/06/2019,22.7,23.7,22,23.6,1,+4.42%,6710
12/05/2019,21.8,23,21.8,22.6,0.3,+1.35%,3730
12/04/2019,22.435,23.115,21.8,22.3,-0.2,-0.89%,8820
12/03/2019,22.6,22.899,21.5,22.5,-0.4,-1.75%,5680
12/02/2019,23.8,23.8,22.6,22.9,-0.9,-3.78%,8450
11/29/2019,22.2,23.8,22.2,23.8,0.9,+3.93%,4280
11/27/2019,22,23.202,21.4,22.9,0.3,+1.33%,12640
11/26/2019,22.4,23.3,22.4,22.6,0,0.00%,6610
11/25/2019,21.6,23.5,21.6,22.6,0.2,+0.89%,10590
11/22/2019,22.9,23.1,21.15,22.4,-0.4,-1.75%,20970
11/21/2019,24.8,26,22.2,22.8,-2.8,-10.94%,34830
11/20/2019,25.8,26.8,24.5,25.6,-0.167,-0.65%,16060
11/19/2019,24.7,26.5,24.1,25.767,0.767,+3.07%,11610
11/18/2019,26.2,26.2,24.1,25,-1.2,-4.58%,17830
11/15/2019,24.8,27.6,24.196,26.2,1.3,+5.22%,41130
11/14/2019,24.3,25.5,23.2,24.9,0.6,+2.47%,32090
11/13/2019,24.4,26.2,23.64,24.3,-0.1,-0.41%,19860
11/12/2019,24.6,25.9,23,24.4,-0.3,-1.21%,14010
11/11/2019,26.3,26.5,23.399,24.7,-2,-7.49%,24780
11/08/2019,26.6,28.5,26.5,26.7,0.2,+0.75%,21890
11/07/2019,30.5,31.5,24.1,26.5,-6.2,-18.96%,62510
11/06/2019,34,34.9,27.9,32.7,-1.3,-3.82%,33690
11/05/2019,37,38.299,32.8,34,-4.301,-11.23%,30990
11/04/2019,38.3,40.2,38.2,38.301,-0.499,-1.29%,14390
11/01/2019,39.1,40.9,38.55,38.8,-0.6,-1.52%,19680
10/31/2019,37.1,40.1,35.1,39.4,1.7,+4.51%,28120
10/30/2019,39,39,37,37.7,-1.5,-3.83%,15360
10/29/2019,39.9,40.425,37.616,39.2,0.5,+1.29%,32200
10/28/2019,37.4,40.199,37.2,38.7,2.2,+6.03%,36880
10/25/2019,35.2,37.7,34.1,36.5,1.9,+5.49%,22670
10/24/2019,36.3,36.8,33.7,34.6,-1.7,-4.68%,24930
10/23/2019,33.8,38.386,33.501,36.3,3,+9.01%,65009
10/22/2019,34.6,35.4,32,33.3,-2.2,-6.20%,22460
10/21/2019,36.5,37.188,35.1,35.5,-1,-2.74%,27170
10/18/2019,36,38,34.8,36.5,-1.9,-4.95%,53130
10/17/2019,40,42.2,33.201,38.4,4.8,+14.29%,325820
10/16/2019,34,35.6,32,33.6,-0.801,-2.33%,36980
10/15/2019,35.9,36.899,33.201,34.401,-2.798,-7.52%,26570
10/14/2019,34,37.2,32.6,37.199,4.699,+14.46%,54920
10/11/2019,32.6,33.7,31.553,32.5,0.245,+0.76%,19020
10/10/2019,32.7,34.4,31.501,32.255,0.055,+0.17%,27350
10/09/2019,30.9,33.4,30.1,32.2,1.2,+3.87%,23840
10/08/2019,31.2,31.9,30.5,31,-0.2,-0.64%,15310
10/07/2019,32.3,33.286,31.101,31.2,0,0.00%,19390
10/04/2019,30.4,32,29.6,31.2,1.1,+3.65%,19020
10/03/2019,29.3,31,29.3,30.1,0.9,+3.08%,13680
10/02/2019,29.2,30.7,29,29.2,0.2,+0.69%,13970
10/01/2019,29.1,30.5,28.7,29,0.1,+0.35%,23340
09/30/2019,28.3,29.499,27.5,28.9,0.5,+1.76%,13590
09/27/2019,27.8,28.7,27.7,28.4,0.8,+2.90%,20130
09/26/2019,28.2,28.499,27.3,27.6,-0.2,-0.72%,6710
09/25/2019,27.1,29.2,27,27.8,0.5,+1.83%,14470
09/24/2019,28.9,29,27.2,27.3,-1.001,-3.54%,16680
09/23/2019,27.4,28.8,27.1,28.301,0.901,+3.29%,13450
09/20/2019,27.1,27.5,26.85,27.4,0.002,+0.01%,6690
09/19/2019,27.6,28.4,27.2,27.398,-0.302,-1.09%,7810
09/18/2019,27.2,28,27.2,27.7,0,0.00%,8040
09/17/2019,28.2,28.699,27,27.7,-0.201,-0.72%,7280
09/16/2019,28.5,30.7,27.8,27.901,0.201,+0.73%,46050
09/13/2019,27.9,28,27,27.7,0.369,+1.35%,9100
09/12/2019,27,27.9,27,27.331,-0.069,-0.25%,11790
09/11/2019,27.7,28.4,26.866,27.4,-0.6,-2.14%,27940
09/10/2019,27.4,28.4,26.5,28,0,0.00%,16190
09/09/2019,27.1,29.4,25.25,28,0.6,+2.19%,44310
09/06/2019,28.6,32,24.6,27.4,-3.2,-10.46%,97410
09/05/2019,42.4,52.8,29.5,30.6,-0.7,-2.24%,814010
09/04/2019,31.2,32.199,30,31.3,1.3,+4.33%,6200
09/03/2019,29.6,31.9,29.55,30,-1.4,-4.46%,3490
08/30/2019,30.907,33.3,30.907,31.4,0.843,+2.76%,4140
08/29/2019,28.401,31.6,28.4,30.557,-0.943,-2.99%,1050
08/28/2019,27.501,33.4,27.501,31.5,2.5,+8.62%,13970
08/27/2019,28.6,29.9,28.4,29,-0.4,-1.36%,710
08/26/2019,29.2,31.8,28.2,29.4,-0.1,-0.34%,4690
08/23/2019,30.3,32,28.4,29.5,-1.9,-6.05%,3240
08/22/2019,28.9,32.7,28.888,31.4,1.4,+4.67%,10350
08/21/2019,28.201,30.4,28.201,30,1.2,+4.17%,4110
08/20/2019,28.7,29.2,27.636,28.8,-0.9,-3.03%,1400
08/19/2019,30.2,33.4,27.6,29.7,2.25,+8.20%,6660
08/16/2019,25.6,27.8,25.5,27.45,0.798,+2.99%,590
08/15/2019,27.5,28.065,25.301,26.652,-0.348,-1.29%,910
08/14/2019,28.425,29.799,25.952,27,-1.999,-6.89%,1570
08/13/2019,30.1,30.1,25.3,28.999,-0.301,-1.03%,3480
08/12/2019,28.8,29.9,28.8,29.3,0.5,+1.74%,1150
08/09/2019,30,32.248,28.5,28.8,-3.301,-10.28%,4310
08/08/2019,28.83,33.7,28.699,32.101,3.601,+12.64%,7330
08/07/2019,28.1,29,27.2,28.5,0.599,+2.15%,1470
08/06/2019,29,29.5,27.102,27.901,-0.899,-3.12%,2270
08/05/2019,29,29.9,26.5,28.8,-0.858,-2.89%,5440
08/02/2019,29.5,30.6,28.523,29.658,-1.342,-4.33%,2300
08/01/2019,32.4,32.4,28.6,31,-0.4,-1.27%,5620
07/31/2019,31.4,34.3,31.4,31.4,-1.3,-3.98%,3670
07/30/2019,36.6,36.9,31,32.7,-5.446,-14.28%,7630
07/29/2019,43,49.9,36,38.146,-2.354,-5.81%,44010
07/26/2019,41,41.499,40.4,40.5,0,0.00%,1460
07/25/2019,41,41.7,40.5,40.5,-1,-2.41%,2120
07/24/2019,41.3,42.9,40.56,41.5,-0.093,-0.22%,1930
07/23/2019,41.9,42.999,41,41.593,-0.307,-0.73%,6700
07/22/2019,40.4,42.5,40.1,41.9,0.8,+1.95%,9370
07/19/2019,40.4,41.5,40.4,41.1,0,0.00%,1800
07/18/2019,40.9,41.9,40.7,41.1,-0.3,-0.72%,3650
07/17/2019,41.097,42.295,40.7,41.4,1,+2.48%,6780
07/16/2019,40.2,41.4,40.2,40.4,-1.1,-2.65%,3210
07/15/2019,41,42.753,40.201,41.5,1.4,+3.49%,6750
07/12/2019,41.6,42.1,40,40.1,-0.905,-2.21%,2160
07/11/2019,40.1,43,40.1,41.005,-0.495,-1.19%,6630
07/10/2019,40.5,42.099,38.8,41.5,-1.9,-4.38%,5630
07/09/2019,39.7,43.8,39.3,43.4,2.6,+6.37%,13250
07/08/2019,41,41.8,40.4,40.8,-0.4,-0.97%,2900
07/05/2019,42.3,42.3,40.5,41.2,-0.307,-0.74%,980
07/03/2019,42.7,42.7,41.2,41.507,-0.164,-0.39%,1340
07/02/2019,41.7,42.7,41,41.671,-0.529,-1.25%,4650
07/01/2019,42.1,43.999,40,42.2,-0.5,-1.17%,4780
06/28/2019,42.5,46,42,42.7,0.8,+1.91%,13040
06/27/2019,41.1,42.999,40.6,41.9,0.9,+2.20%,8480
06/26/2019,40.7,41.5,40,41,-0.7,-1.68%,2310
06/25/2019,40.1,42,39.7,41.7,0.7,+1.71%,2370
06/24/2019,41,42.194,38,41,0.2,+0.49%,4010
06/21/2019,41.6,42.1,40.768,40.8,-1.7,-4.00%,2150
06/20/2019,43.5,43.5,41.168,42.5,-0.879,-2.03%,5980
06/19/2019,44.1,44.64,42.5,43.379,-0.651,-1.48%,2560
06/18/2019,44.1,46.2,43.4,44.03,-0.77,-1.72%,11590
06/17/2019,44.8,46.099,44.2,44.8,0.16,+0.36%,3070
06/14/2019,45.6,47.5,44.5,44.64,-1.46,-3.17%,9750
06/13/2019,44.3,49.5,43.4,46.1,2.7,+6.22%,19030
06/12/2019,43,44.4,42.6,43.4,-0.4,-0.91%,5130
06/11/2019,44,47.1,41.9,43.8,-1,-2.23%,15470
06/10/2019,44.7,46.7,44,44.8,0.2,+0.45%,6280
06/07/2019,43.5,49.5,43.5,44.6,0.7,+1.59%,13660
06/06/2019,45.3,48.9,43.1,43.9,-4.1,-8.54%,30520
06/05/2019,55.7,56,48,48,-10.6,-18.09%,42070
06/04/2019,89.8,96,54.699,58.6,15.5,+35.96%,724780
06/03/2019,47.3,47.301,42.5,43.1,-4.4,-9.26%,1510
05/31/2019,47.9,49.6,47.3,47.5,-1.2,-2.46%,930
05/30/2019,47,49.399,46.6,48.7,2.2,+4.73%,1250
05/29/2019,49.7,50,46.5,46.5,-3.169,-6.38%,2790
05/28/2019,49.5,51.82,48.5,49.669,-0.631,-1.25%,1080
05/24/2019,50.9,51.065,48,50.3,-0.4,-0.79%,2170
05/23/2019,52.5,52.549,50.545,50.7,-1.1,-2.12%,1670
05/22/2019,52.8,54.1,51.8,51.8,-1,-1.89%,3470
05/21/2019,53.5,54.9,51.5,52.8,-0.701,-1.31%,2010
05/20/2019,53.3,54.879,52.8,53.501,-0.246,-0.46%,1310
05/17/2019,53.7,55.999,53,53.747,-1.153,-2.10%,4900
05/16/2019,55,58.8,53.7,54.9,-0.6,-1.08%,5520
05/15/2019,53.4,56.9,52,55.5,3.5,+6.73%,6000
05/14/2019,51.4,54.799,51.4,52,0.7,+1.36%,5050
05/13/2019,51.5,52.264,50.6,51.3,-0.8,-1.54%,3020
05/10/2019,51.8,53.564,51.3,52.1,-1.1,-2.07%,4850
05/09/2019,56.2,57.572,51.6,53.2,-3.8,-6.67%,7290
05/08/2019,55.3,60.5,55.1,57,0.5,+0.88%,5900
05/07/2019,56.8,56.8,55.1,56.5,0.3,+0.53%,2580
05/06/2019,56.3,57.8,55.2,56.2,-2.8,-4.75%,4770
05/03/2019,59,61.999,56.64,59,1,+1.72%,12170
05/02/2019,61.6,62.8,58,58,-4.4,-7.05%,7830
05/01/2019,64.2,65.17,59.601,62.4,-2.3,-3.55%,10570
04/30/2019,68,69.099,62,64.7,-2.6,-3.86%,13740
04/29/2019,61.6,69.757,60.7,67.3,3.3,+5.16%,16270
04/26/2019,58.3,72.1,58.001,64,7.1,+12.48%,71140
04/25/2019,53.7,57.999,52.5,56.9,2.3,+4.21%,16880
04/24/2019,51.1,57.3,51.1,54.6,2.2,+4.20%,11080
04/23/2019,52.5,54.1,51.5,52.4,0.4,+0.77%,6260
04/22/2019,52,54.461,50,52,-0.7,-1.33%,5400
04/18/2019,53.1,58,52.2,52.7,-1.501,-2.77%,9410
04/17/2019,55,56.823,51.738,54.201,-1.699,-3.04%,12610
04/16/2019,52,58.5,51.3,55.9,2.1,+3.90%,22450
04/15/2019,53.2,55.621,50.1,53.8,-3.7,-6.43%,29080
04/12/2019,50.1,84.799,50.081,57.5,7,+13.86%,559770
04/11/2019,51.3,51.3,48.468,50.5,-0.8,-1.56%,4760
04/10/2019,50.652,52.4,49.301,51.3,-0.8,-1.54%,4080
04/09/2019,48.6,55.8,47.7,52.1,0.901,+1.76%,15880
04/08/2019,51.398,52,49.4,51.199,-2.601,-4.83%,5860
04/05/2019,53,54.9,50.5,53.8,0.8,+1.51%,8310
04/04/2019,50.9,54.171,50.301,53,-2.7,-4.85%,10270
04/03/2019,54.2,63.3,53.992,55.7,-3.9,-6.54%,21210
04/02/2019,52.7,77.3,52.6,59.6,7,+13.31%,283370
04/01/2019,54.2,58,46.1,52.6,-2.101,-3.84%,8640
03/29/2019,66.5,67.838,53.6,54.701,-8.699,-13.72%,17190
03/28/2019,75.5,86.13,60.3,63.4,-27.7,-30.41%,56569
03/27/2019,140.5,184.999,90.5,91.1,-10.4,-10.25%,536480
03/26/2019,48,105.7,45.4,101.5,52.5,+107.14%,236210
03/25/2019,47.4,54.8,45,49,3.1,+6.75%,8650
03/22/2019,48,49.772,43,45.9,-1.6,-3.37%,1670
03/21/2019,46.499,54.142,43.5,47.5,6.5,+15.85%,3320
03/20/2019,41,42.092,41,41,0.395,+0.97%,200
03/19/2019,42.4,42.401,39.95,40.605,-4.395,-9.77%,430
03/18/2019,50,50,41.2,45,-5,-10.00%,1750
03/15/2019,51.656,57.217,46.001,50,-0.2,-0.40%,3100
03/14/2019,55,55,50.005,50.2,-5.3,-9.55%,330
03/13/2019,60,61.5,53.84,55.5,-7,-11.20%,1520
03/12/2019,85,89.749,57.5,62.5,-27.5,-30.56%,3270
03/11/2019,52.06,189.989,48.999,90,40,+80.00%,2500
03/08/2019,50,50,50,50,-0.5,-0.99%,50
03/04/2019,52,52,50.5,50.5,-0.7,-1.37%,20
03/01/2019,51.2,51.2,51.2,51.2,-0.1,-0.19%,10
02/28/2019,51.3,51.3,51.3,51.3,0.3,+0.59%,10
02/27/2019,51,51,51,51,-0.8,-1.54%,20
02/26/2019,51.8,51.8,51.8,51.8,-0.5,-0.96%,10
02/25/2019,52.3,52.3,52.3,52.3,0.3,+0.58%,10
02/20/2019,52,52,52,52,0,0.00%,10
02/19/2019,52,52,52,52,0,0.00%,10
02/15/2019,52,52,52,52,0,0.00%,10
02/14/2019,52,52,52,52,1,+1.96%,20
02/13/2019,51,51,51,51,0.5,+0.99%,40
"Downloaded from Barchart.com as of 01-31-2023 04:49am CST"
