Time,Open,High,Low,Last,Change,%Chg,Volume
01/17/2023,38.61,38.7,38.29,38.46,-0.24,-0.62%,70300
01/13/2023,38.12,38.76,38.07,38.7,0.28,+0.73%,63900
01/12/2023,38,38.53,37.95,38.42,0.41,+1.08%,65900
01/11/2023,38.05,38.09,37.57,38.01,0.05,+0.13%,88500
01/10/2023,37.43,38.02,37.15,37.96,0.6,+1.61%,107800
01/09/2023,37.97,37.97,37.23,37.36,-0.58,-1.53%,56200
01/06/2023,37.33,38.09,37.33,37.94,0.7,+1.88%,63500
01/05/2023,37.46,37.58,37.06,37.24,-0.36,-0.96%,53300
01/04/2023,38.04,38.26,37.45,37.6,-0.2,-0.53%,78700
01/03/2023,37.6,38.15,37.6,37.8,0.21,+0.56%,80900
12/30/2022,37.49,37.85,37.365,37.59,0.02,+0.05%,46300
12/29/2022,37.41,38.2152,37.01,37.57,0.3,+0.80%,92700
12/28/2022,37.55,37.67,37.135,37.27,-0.24,-0.64%,55200
12/27/2022,37.6,38.03,37.27,37.51,-0.11,-0.29%,82500
12/23/2022,37.25,37.7,37.25,37.62,0.43,+1.16%,34600
12/22/2022,37.57,37.57,36.88,37.19,-0.43,-1.14%,57500
12/21/2022,37.37,37.92,37.37,37.62,0.4,+1.07%,82400
12/20/2022,37.55,37.615,37.19,37.22,-0.21,-0.56%,59700
12/19/2022,37.21,37.91,37.0601,37.43,0.27,+0.73%,102200
12/16/2022,36.96,37.5,36.96,37.16,-0.27,-0.72%,545600
12/15/2022,37.53,37.72,37.14,37.43,-0.28,-0.74%,67500
12/14/2022,38.2,38.34,36.95,37.71,-0.44,-1.15%,75200
12/13/2022,38.43,38.59,37.76,38.15,0.18,+0.47%,118300
12/12/2022,38.2,38.365,37.745,37.97,0,0.00%,97200
12/09/2022,38.37,38.43,37.88,37.97,-0.6,-1.56%,60600
12/08/2022,38.07,38.64,38.02,38.57,0.5,+1.31%,56700
12/07/2022,38.15,38.27,37.9,38.07,-0.11,-0.29%,55900
12/06/2022,38.1,38.44,37.535,38.18,0.18,+0.47%,102400
12/05/2022,38.45,38.45,37.36,38,-0.57,-1.48%,120900
12/02/2022,38.38,38.77,37.94,38.57,-0.09,-0.23%,41900
12/01/2022,38.67,38.76,38.04,38.66,-0.18,-0.46%,44800
11/30/2022,38.1,38.96,37.66,38.84,0.54,+1.41%,97200
11/29/2022,38.14,38.55,37.96,38.3,0.12,+0.31%,36400
11/28/2022,38.59,38.86,38.12,38.18,-0.68,-1.75%,48100
11/25/2022,39.03,39.13,38.83,38.86,0.06,+0.15%,25300
11/23/2022,38.85,39.36,38.61,38.8,-0.36,-0.92%,44400
11/22/2022,39.03,39.33,38.975,39.16,0.14,+0.36%,47300
11/21/2022,38.63,39.12,36.19,39.02,0.39,+1.01%,67300
11/18/2022,39,39,38.44,38.63,0.06,+0.16%,70300
11/17/2022,38.35,38.57,37.81,38.57,0.21,+0.55%,49000
11/16/2022,38.13,38.44,37.92,38.36,0.32,+0.84%,51200
11/15/2022,37.73,38.17,37.64,38.04,0.59,+1.58%,55300
11/14/2022,37.37,37.95,37.165,37.45,0.15,+0.40%,71500
11/11/2022,38.13,38.2,37.23,37.3,-0.64,-1.69%,54200
11/10/2022,37.45,38.46,37,37.94,1.11,+3.01%,90900
11/09/2022,36.77,37.04,36.61,36.83,-0.05,-0.14%,47000
11/08/2022,37.22,37.3,36.7,36.88,-0.15,-0.41%,51500
11/07/2022,37.28,37.545,36.98,37.03,-0.19,-0.51%,32900
11/04/2022,36.75,37.26,36.51,37.22,0.63,+1.72%,72300
11/03/2022,36.41,36.67,36.08,36.59,-0.15,-0.41%,47500
11/02/2022,36.94,37.46,36.52,36.74,-0.37,-1.00%,65900
11/01/2022,37.42,37.47,35.01,37.11,-0.21,-0.56%,61300
10/31/2022,37.25,37.41,36.93,37.32,-0.03,-0.08%,75600
10/28/2022,36.51,37.36,36.245,37.35,1.15,+3.18%,103500
10/27/2022,36.08,36.46,36.025,36.2,0.46,+1.29%,106503
10/26/2022,35.72,36.22,35.37,35.74,0.21,+0.59%,80300
10/25/2022,34.36,35.67,34.36,35.53,1.17,+3.41%,91000
10/24/2022,33.59,34.51,33.52,34.36,0.84,+2.51%,57700
10/21/2022,33.11,34.095,32.54,33.52,0.64,+1.95%,50401
10/20/2022,33.62,33.92,32.52,32.88,-0.96,-2.84%,89500
10/19/2022,33.9,33.97,33.14,33.84,0.02,+0.06%,77300
10/18/2022,34.2,34.25,33.62,33.82,-0.03,-0.09%,49000
10/17/2022,33.62,33.99,33.545,33.85,0.42,+1.26%,76100
10/14/2022,33.7,34.12,33.29,33.43,-0.18,-0.54%,58600
10/13/2022,32.09,33.62,32.09,33.61,1.29,+3.99%,75400
10/12/2022,32.18,32.52,31.945,32.32,0.1,+0.31%,62000
10/11/2022,31.99,32.37,31.92,32.22,0.27,+0.85%,69200
10/10/2022,31.8,32.23,31.8,31.95,0.12,+0.38%,39900
10/07/2022,32.3,32.3,31.76,31.83,-0.53,-1.64%,43200
10/06/2022,32.36,33.065,32.245,32.36,-0.16,-0.49%,34500
10/05/2022,32.7,32.78,32.31,32.52,-0.47,-1.42%,41700
10/04/2022,32.45,33.08,32.45,32.99,0.84,+2.61%,51600
10/03/2022,31.86,32.31,31.57,32.15,0.73,+2.32%,85300
09/30/2022,31.82,32.07,31.41,31.42,-0.49,-1.54%,76200
09/29/2022,32.26,32.26,31.68,31.91,-0.38,-1.18%,65600
09/28/2022,32.33,32.62,32.06,32.29,0.1,+0.31%,82500
09/27/2022,32.92,32.93,32.11,32.19,-0.6,-1.83%,55000
09/26/2022,32.78,33.24,32.72,32.79,-0.27,-0.82%,61100
09/23/2022,33.26,33.26,32.8,33.06,-0.3,-0.90%,55100
09/22/2022,33.7,33.84,33.17,33.36,-0.36,-1.07%,64000
09/21/2022,34.25,34.34,33.72,33.72,-0.43,-1.26%,89400
09/20/2022,33.94,34.17,33.77,34.15,-0.02,-0.06%,47000
09/19/2022,33.43,34.36,32.65,34.17,0.36,+1.06%,63900
09/16/2022,33.45,33.89,33.105,33.81,0.17,+0.51%,244200
09/15/2022,33.31,33.89,33.28,33.64,0.33,+0.99%,66500
09/14/2022,32.94,33.32,32.52,33.31,0.29,+0.88%,79300
09/13/2022,33.47,33.51,32.73,33.02,-0.66,-1.96%,86600
09/12/2022,33.44,33.86,33.12,33.68,0.3,+0.90%,72200
09/09/2022,33.48,33.78,33.19,33.38,0.03,+0.09%,84800
09/08/2022,32.87,33.38,32.85,33.35,0.18,+0.54%,52000
09/07/2022,32.49,33.23,32.49,33.17,0.5,+1.53%,65300
09/06/2022,33.28,33.375,32.27,32.67,-0.36,-1.09%,67800
09/02/2022,33.12,33.38,32.705,33.03,0.18,+0.55%,65200
09/01/2022,32.92,33.085,32.51,32.85,-0.49,-1.47%,46300
08/31/2022,33.43,33.62,33.15,33.34,-0.17,-0.51%,62500
08/30/2022,33.58,33.58,33.33,33.51,-0.12,-0.36%,42400
08/29/2022,34.08,34.08,33.591,33.63,-0.7,-2.04%,33600
08/26/2022,34.47,34.9,34.21,34.33,-0.2,-0.58%,43400
08/25/2022,34.17,34.72,33.925,34.53,0.33,+0.96%,48100
08/24/2022,34.46,34.46,34.0201,34.2,-0.26,-0.75%,34000
08/23/2022,35.05,35.1,34.4,34.46,-0.49,-1.40%,41700
08/22/2022,35.37,35.37,34.81,34.95,-0.77,-2.16%,115500
08/19/2022,35.8,35.82,35.38,35.72,-0.07,-0.20%,120200
08/18/2022,36,36,35.68,35.79,-0.2,-0.56%,48800
08/17/2022,35.88,35.99,35.68,35.99,-0.1,-0.28%,37500
08/16/2022,35.74,36.1,35.6,36.09,0.45,+1.26%,48700
08/15/2022,35.12,35.64,34.59,35.64,0.28,+0.79%,42500
08/12/2022,34.95,35.36,34.835,35.36,0.49,+1.41%,92800
08/11/2022,34.71,34.89,34.44,34.87,0.44,+1.28%,44700
08/10/2022,34.88,34.97,34.3613,34.43,-0.09,-0.26%,75400
08/09/2022,34.06,34.52,33.91,34.52,0.6,+1.77%,72300
08/08/2022,34.39,34.47,33.63,33.92,-0.44,-1.28%,93800
08/05/2022,33.9,34.48,33.86,34.36,0.53,+1.57%,72600
08/04/2022,33.72,33.84,33.56,33.83,0.07,+0.21%,87300
08/03/2022,33.42,33.89,33.24,33.76,0.4,+1.20%,64300
08/02/2022,33.86,33.99,33.27,33.36,-0.55,-1.62%,55400
08/01/2022,33.59,34.2,33.28,33.91,0.35,+1.04%,82600
07/29/2022,33.44,33.65,33.2,33.56,0.29,+0.87%,69000
07/28/2022,33.25,33.4,33.13,33.27,0.12,+0.36%,63600
07/27/2022,32.83,33.2,32.77,33.15,0.31,+0.94%,74500
07/26/2022,32.44,32.95,32.44,32.84,0.43,+1.33%,83400
07/25/2022,31.99,32.64,31.95,32.41,0.59,+1.85%,76100
07/22/2022,32.24,32.25,31.39,31.82,-0.13,-0.41%,76400
07/21/2022,31.43,32.25,31.055,31.95,0.25,+0.79%,111800
07/20/2022,31.52,31.78,31.225,31.7,0.02,+0.06%,61400
07/19/2022,31.21,31.8,31.18,31.68,0.64,+2.06%,111500
07/18/2022,31.19,31.55,30.95,31.04,-0.06,-0.19%,46700
07/15/2022,30.75,31.39,30.605,31.1,0.71,+2.34%,79800
07/14/2022,30.13,30.39,29.99,30.39,-0.11,-0.36%,34300
07/13/2022,30.74,30.77,30.31,30.5,-0.4,-1.29%,75500
07/12/2022,31.15,31.41,30.83,30.9,-0.26,-0.83%,50400
07/11/2022,31.08,31.25,30.98,31.16,0.01,+0.03%,40100
07/08/2022,31.13,31.15,30.82,31.15,0.19,+0.61%,41900
07/07/2022,31.12,31.245,30.96,30.96,-0.05,-0.16%,60100
07/06/2022,30.76,31.12,30.59,31.01,0.07,+0.23%,81100
07/05/2022,31,31.36,30.44,30.94,-0.46,-1.46%,111400
07/01/2022,30.93,31.415,30.77,31.4,0.56,+1.82%,79500
06/30/2022,30.51,31.15,30.455,30.84,0.04,+0.13%,76000
06/29/2022,31.13,31.13,30.77,30.8,-0.18,-0.58%,89000
06/28/2022,30.87,31.34,30.77,30.98,0.21,+0.68%,62700
06/27/2022,30.87,30.95,30.7,30.77,0.09,+0.29%,48200
06/24/2022,30.41,30.8,30.41,30.68,0.29,+0.95%,125500
06/23/2022,30.52,30.525,30.09,30.39,-0.18,-0.59%,62100
06/22/2022,30.23,30.725,30.23,30.57,0.11,+0.36%,95000
06/21/2022,30.25,30.6599,29.92,30.46,0.61,+2.04%,141100
06/17/2022,30.27,30.5748,29.5,29.85,-0.22,-0.73%,250100
06/16/2022,30.62,30.62,30.02,30.07,-0.7,-2.27%,89600
06/15/2022,30.53,31.04,30.48,30.77,0.48,+1.58%,69800
06/14/2022,30.18,30.43,29.95,30.29,0.2,+0.66%,70400
06/13/2022,30.18,30.675,29.9317,30.09,-0.4,-1.31%,142600
06/10/2022,30.66,31.0979,30.33,30.49,-0.47,-1.52%,48300
06/09/2022,31.22,31.365,30.89,30.96,-0.19,-0.61%,51400
06/08/2022,31.83,31.83,30.94,31.15,-0.64,-2.01%,88100
06/07/2022,31.73,31.99,31.56,31.79,-0.12,-0.38%,71600
06/06/2022,31.71,32,31.61,31.91,0.24,+0.76%,49600
06/03/2022,31.68,31.775,31.5,31.67,-0.25,-0.78%,42100
06/02/2022,31.95,32.1353,31.37,31.92,-0.27,-0.84%,34100
06/01/2022,32.2,32.27,31.7401,32.19,-0.02,-0.06%,59300
05/31/2022,31.87,32.5,31.64,32.21,0.13,+0.41%,68100
05/27/2022,31.92,32.08,31.75,32.08,0.31,+0.98%,31400
05/26/2022,31.81,32.075,31.59,31.77,0.21,+0.67%,33800
05/25/2022,31.47,31.91,31.365,31.56,0.07,+0.22%,58100
05/24/2022,31.15,31.57,30.79,31.49,0.24,+0.77%,47000
05/23/2022,31.06,31.56,30.86,31.25,0.42,+1.36%,157000
05/20/2022,30.49,30.86,30.2601,30.83,0.4,+1.31%,97500
05/19/2022,31,31.19,30.42,30.43,-0.87,-2.78%,93800
05/18/2022,31.07,31.39,30.79,31.3,0.1,+0.32%,93400
05/17/2022,30.59,31.2061,30.59,31.2,0.75,+2.46%,39900
05/16/2022,30.45,30.69,30.21,30.45,-0.09,-0.29%,52600
05/13/2022,30.86,30.89,30.29,30.54,-0.23,-0.75%,77200
05/12/2022,30.82,30.96,30.29,30.77,-0.18,-0.58%,92000
05/11/2022,31.1,31.48,30.84,30.95,-0.05,-0.16%,44000
05/10/2022,31.85,32.03,30.75,31,-0.64,-2.02%,92400
05/09/2022,31.34,31.91,31.19,31.64,0.03,+0.09%,74400
05/06/2022,31.81,31.81,31.12,31.61,-0.22,-0.69%,57600
05/05/2022,31.82,32.075,31.2401,31.83,-0.24,-0.75%,64400
05/04/2022,31.32,32.1,31.22,32.07,0.76,+2.43%,80000
05/03/2022,31.34,31.59,31.08,31.31,-0.12,-0.38%,73800
05/02/2022,31.3,31.641,31.09,31.43,0.28,+0.90%,99700
04/29/2022,31.67,31.76,30.99,31.15,-0.68,-2.14%,63400
04/28/2022,31.23,31.84,30.87,31.83,0.85,+2.74%,67000
04/27/2022,31.45,31.56,30.9,30.98,-0.49,-1.56%,55900
04/26/2022,31.88,32.245,31.355,31.47,-0.53,-1.66%,75800
04/25/2022,31.76,32.11,31.45,32,0.33,+1.04%,67400
04/22/2022,32.37,32.78,31.665,31.67,-1.08,-3.30%,61800
04/21/2022,32.07,32.75,31.51,32.75,0.91,+2.86%,69500
04/20/2022,31.76,32.39,31.64,31.84,0.24,+0.76%,38700
04/19/2022,31.09,31.775,31.09,31.6,0.49,+1.58%,58800
04/18/2022,30.72,31.13,30.71,31.11,0.34,+1.10%,68800
04/14/2022,30.86,31.64,30.68,30.77,-0.14,-0.45%,40201
04/13/2022,30.65,31.01,30.65,30.91,0.22,+0.72%,53100
04/12/2022,30.95,31.25,30.68,30.69,-0.32,-1.03%,71300
04/11/2022,30.96,31.37,30.88,31.01,0.07,+0.23%,60000
04/08/2022,30.82,31.08,30.66,30.94,0.11,+0.36%,62300
04/07/2022,31.32,31.32,30.6,30.83,-0.45,-1.44%,88000
04/06/2022,31.8,31.82,31.19,31.28,-0.44,-1.39%,87700
04/05/2022,31.89,31.97,31.58,31.72,-0.06,-0.19%,76900
04/04/2022,32.32,32.32,31.69,31.78,-0.61,-1.88%,59600
04/01/2022,32.15,32.49,31.88,32.39,0.46,+1.44%,114600
03/31/2022,32.02,32.22,31.78,31.93,-0.17,-0.53%,98100
03/30/2022,32.85,32.96,31.92,32.1,-0.65,-1.98%,58700
03/29/2022,32.51,32.925,32.27,32.75,0.43,+1.33%,74900
03/28/2022,32.49,32.51,32.13,32.32,-0.28,-0.86%,58900
03/25/2022,32.52,32.87,32.49,32.6,0.25,+0.77%,50900
03/24/2022,32.27,32.39,31.91,32.35,0.15,+0.47%,52900
03/23/2022,32.56,32.64,31.985,32.2,-0.48,-1.47%,73600
03/22/2022,32.9,33.096,32.5609,32.68,-0.06,-0.18%,56200
03/21/2022,32.84,33.0729,32.48,32.74,-0.11,-0.33%,77500
03/18/2022,32.82,33.4,32.2,32.85,-0.1,-0.30%,168100
03/17/2022,33.33,33.33,32.9,32.95,-0.54,-1.61%,53100
03/16/2022,33.07,33.68,33.07,33.49,0.08,+0.24%,92601
03/15/2022,33.96,33.96,33.26,33.41,-0.35,-1.04%,68600
03/14/2022,34.11,34.13,33.65,33.76,0.05,+0.15%,54300
03/11/2022,33.67,33.9,33.38,33.71,0.22,+0.66%,58300
03/10/2022,33.08,33.54,32.71,33.49,0.58,+1.76%,61100
03/09/2022,33.3,33.43,32.85,32.91,0.06,+0.18%,54000
03/08/2022,33.29,33.63,32.83,32.85,-0.31,-0.93%,92600
03/07/2022,33.34,33.58,33.12,33.16,-0.29,-0.87%,146000
03/04/2022,33.37,33.54,33,33.45,-0.31,-0.92%,78600
03/03/2022,33.81,34.1263,33.52,33.76,-0.4,-1.17%,49600
03/02/2022,33.46,34.38,33.46,34.16,0.88,+2.64%,56100
03/01/2022,34.03,34.14,32.81,33.28,-0.89,-2.60%,89800
02/28/2022,33.76,34.32,33.685,34.17,0.17,+0.50%,86500
02/25/2022,33.25,34.06,33.25,34,0.89,+2.69%,53000
02/24/2022,32.89,33.3,32.4601,33.11,-0.78,-2.30%,74500
02/23/2022,34.35,34.64,33.82,33.89,-0.26,-0.76%,51500
02/22/2022,34.32,34.44,34.05,34.15,-0.13,-0.38%,164900
02/18/2022,34.04,34.44,34.04,34.28,0.12,+0.35%,97700
02/17/2022,34.17,34.19,33.85,34.16,-0.27,-0.78%,64200
02/16/2022,34.19,34.63,34.12,34.43,0.12,+0.35%,48100
02/15/2022,34.21,34.6,34.09,34.31,0.32,+0.94%,41500
02/14/2022,34.3,34.595,33.925,33.99,-0.1,-0.29%,54700
02/11/2022,33.9,34.42,33.87,34.09,0.06,+0.18%,43400
02/10/2022,34.08,34.9692,33.69,34.03,-0.04,-0.12%,69200
02/09/2022,34.6,34.64,33.95,34.07,-0.5,-1.45%,83600
02/08/2022,34.14,34.65,34.045,34.57,0.59,+1.74%,58900
02/07/2022,34.09,34.8656,33.87,33.98,-0.07,-0.21%,42700
02/04/2022,34.31,34.44,33.78,34.05,-0.12,-0.35%,77000
02/03/2022,33.89,34.39,33.67,34.17,0.37,+1.09%,54700
02/02/2022,33.81,33.8664,33.27,33.8,-0.03,-0.09%,67100
02/01/2022,33.73,34,33.28,33.83,-0.07,-0.21%,54200
01/31/2022,33.57,34.09,33.17,33.9,-0.18,-0.53%,113400
01/28/2022,33.92,34.11,33.18,34.08,0.09,+0.26%,62300
01/27/2022,34.5,34.71,33.73,33.99,-0.49,-1.42%,64000
01/26/2022,35.77,36.58,34.14,34.48,-1.22,-3.42%,65400
01/25/2022,37.1,37.1,34.37,35.7,1.74,+5.12%,64100
01/24/2022,33.33,34.27,33.32,33.96,0.4,+1.19%,62700
01/21/2022,33.39,34.4,33.39,33.56,-0.09,-0.27%,82600
01/20/2022,34.37,34.54,33.58,33.65,-0.72,-2.09%,49200
01/19/2022,35.01,35.01,34.27,34.37,-0.48,-1.38%,70100
01/18/2022,35.51,35.66,34.79,34.85,-0.67,-1.89%,61000
01/14/2022,35.21,35.59,35.1,35.52,0,0.00%,47000
01/13/2022,34.85,35.55,34.85,35.52,0.63,+1.81%,63600
01/12/2022,35.06,35.3,34.71,34.89,-0.11,-0.31%,47600
01/11/2022,35.18,35.18,34.63,35,-0.21,-0.60%,87900
01/10/2022,35.41,35.59,34.93,35.21,-0.08,-0.23%,46500
01/07/2022,35,35.43,34.89,35.29,0.35,+1.00%,36400
01/06/2022,34.7,34.98,34.6,34.94,0.51,+1.48%,39400
01/05/2022,34.39,34.79,34.3,34.43,0.04,+0.12%,44000
01/04/2022,34.15,34.74,34.15,34.39,0.44,+1.30%,44800
01/03/2022,33.58,34.48,33.46,33.95,0.64,+1.92%,60700
12/31/2021,33.22,33.42,33.02,33.31,0.13,+0.39%,49000
12/30/2021,33.38,33.5646,33.14,33.18,-0.2,-0.60%,37000
12/29/2021,33.23,33.46,33.1801,33.38,0.12,+0.36%,38100
12/28/2021,33.09,33.48,33.09,33.26,0.15,+0.45%,34800
12/27/2021,33.02,33.23,32.58,33.11,0.17,+0.52%,32400
12/23/2021,32.97,33.35,32.84,32.94,0.15,+0.46%,28600
12/22/2021,32.47,32.79,32.4,32.79,0.24,+0.74%,43900
12/21/2021,32.74,33.12,32.495,32.55,0.05,+0.15%,52500
12/20/2021,32.34,33.085,31.93,32.5,0.03,+0.09%,85200
12/17/2021,32.79,33.2,31.72,32.47,-0.24,-0.73%,390600
12/16/2021,32.38,33.12,32.34,32.71,0.71,+2.22%,88700
12/15/2021,32.33,32.8,31.775,32,-0.1,-0.31%,203200
12/14/2021,32.21,33,31.8,32.1,-0.11,-0.34%,158700
12/13/2021,32.97,32.97,32.1,32.21,-0.89,-2.69%,98400
12/10/2021,32.62,33.13,32.505,33.1,0.47,+1.44%,174800
12/09/2021,32.59,32.9174,32.36,32.63,-0.04,-0.12%,55400
12/08/2021,32.95,33.22,32.6,32.67,-0.27,-0.82%,48000
12/07/2021,33.22,33.22,32.82,32.94,-0.04,-0.12%,60600
12/06/2021,32.61,33.46,32.61,32.98,0.59,+1.82%,63700
12/03/2021,32.97,32.97,32.28,32.39,-0.36,-1.10%,55500
12/02/2021,32.32,33.06,31.6779,32.75,0.35,+1.08%,52400
12/01/2021,33.1,33.45,32.3,32.4,-0.26,-0.80%,94900
11/30/2021,32.04,33.6157,31.98,32.66,0.31,+0.96%,127900
11/29/2021,33.19,33.3,32.19,32.35,-0.31,-0.95%,66000
11/26/2021,33.26,33.5999,32.07,32.66,-1.49,-4.36%,53700
11/24/2021,34.3,34.76,34.14,34.15,-0.17,-0.50%,38700
11/23/2021,34.06,34.35,33.85,34.32,0.45,+1.33%,49500
11/22/2021,33.62,34.2633,33.59,33.87,0.47,+1.41%,129500
11/19/2021,33.4,33.56,33.17,33.4,-0.28,-0.83%,74200
11/18/2021,33.3161,33.77,33.3161,33.68,-0.17,-0.50%,55200
11/17/2021,33.66,33.88,33.21,33.85,0.09,+0.27%,71600
11/16/2021,33.98,33.98,33.58,33.76,-0.21,-0.62%,84400
11/15/2021,34.17,34.215,33.81,33.97,-0.12,-0.35%,56300
11/12/2021,34.53,34.585,33.98,34.09,-0.43,-1.25%,45100
11/11/2021,34.71,34.8,34.32,34.52,-0.07,-0.20%,37700
11/10/2021,34.53,34.78,33.9585,34.59,-0.04,-0.12%,44900
11/09/2021,34.43,34.8,34.08,34.63,-0.02,-0.06%,53600
11/08/2021,34.82,34.96,34.49,34.65,-0.15,-0.43%,40400
11/05/2021,34.35,34.91,34.35,34.8,0.64,+1.87%,62100
11/04/2021,34.65,34.65,33.7,34.16,-0.38,-1.10%,64800
11/03/2021,33.82,34.74,33.69,34.54,0.65,+1.92%,59400
11/02/2021,34.36,34.52,33.82,33.89,-0.63,-1.83%,52400
11/01/2021,33.72,34.61,33.46,34.52,0.96,+2.86%,86700
10/29/2021,33.17,34.0048,33.17,33.56,0.32,+0.96%,90400
10/28/2021,32.93,33.67,32.93,33.24,0.37,+1.13%,72700
10/27/2021,33.37,33.37,32.78,32.87,-0.72,-2.14%,65400
10/26/2021,34.16,34.16,33.5,33.59,-0.44,-1.29%,77800
10/25/2021,33.53,34.32,33.455,34.03,0.73,+2.19%,92200
10/22/2021,33.15,33.35,32.59,33.3,0.38,+1.15%,77900
10/21/2021,32.77,33.35,32.43,32.92,0.03,+0.09%,76700
10/20/2021,32.47,32.9,32.4,32.89,0.39,+1.20%,52800
10/19/2021,32.56,32.56,32.175,32.5,0,0.00%,37600
10/18/2021,32.61,32.78,32.38,32.5,-0.08,-0.25%,37900
10/15/2021,33.08,33.12,32.58,32.58,-0.19,-0.58%,67000
10/14/2021,32.76,32.77,32.26,32.77,0.35,+1.08%,50600
10/13/2021,32.84,32.84,32.1607,32.42,-0.45,-1.37%,39900
10/12/2021,32.89,33.14,32.765,32.87,0.04,+0.12%,49900
10/11/2021,33.53,33.53,32.83,32.83,-0.52,-1.56%,50100
10/08/2021,33.24,33.5,33.24,33.35,-0.01,-0.03%,28400
10/07/2021,33.06,33.44,33.06,33.36,0.57,+1.74%,61200
10/06/2021,32.9,33.1,32.51,32.79,-0.32,-0.97%,53400
10/05/2021,33.05,33.36,32.3618,33.11,0.23,+0.70%,192700
10/04/2021,32.9,33.3,32.82,32.88,0.06,+0.18%,70400
10/01/2021,32.11,32.99,32.04,32.82,0.85,+2.66%,178200
09/30/2021,32.56,32.56,31.9,31.97,-0.41,-1.27%,67900
09/29/2021,32.07,32.56,31.94,32.38,0.42,+1.31%,83400
09/28/2021,32.35,32.41,31.89,31.96,-0.25,-0.78%,109800
09/27/2021,31.26,32.61,31.26,32.21,1.02,+3.27%,129400
09/24/2021,30.7,31.44,30.69,31.19,0.33,+1.07%,72700
09/23/2021,30.55,31.33,30.42,30.86,0.56,+1.85%,68700
09/22/2021,30.21,30.69,30.13,30.3,0.35,+1.17%,76200
09/21/2021,30.2,30.5,29.91,29.95,-0.16,-0.53%,73900
09/20/2021,30.43,30.99,29.78,30.11,-0.72,-2.34%,82100
09/17/2021,30.76,31.13,30.61,30.83,0.03,+0.10%,411400
09/16/2021,31.12,31.35,30.64,30.8,-0.19,-0.61%,76400
09/15/2021,30.89,31.2079,30.8301,30.99,0.05,+0.16%,65300
09/14/2021,31.45,31.45,30.91,30.94,-0.39,-1.24%,104100
09/13/2021,31.71,31.71,31.07,31.33,-0.24,-0.76%,116300
09/10/2021,31.94,32.25,31.49,31.57,-0.38,-1.19%,67000
09/09/2021,31.86,32.26,31.86,31.95,0.04,+0.13%,73300
09/08/2021,31.5,32,31.5,31.91,0.54,+1.72%,133300
09/07/2021,31.68,31.85,31.31,31.37,-0.22,-0.70%,126700
09/03/2021,31.77,32.1023,31.45,31.59,-0.22,-0.69%,108300
09/02/2021,31.68,32.16,31.68,31.81,-0.36,-1.12%,152400
09/01/2021,32.09,32.44,31.65,32.17,0.08,+0.25%,213100
08/31/2021,32.19,32.445,32.01,32.09,-0.1,-0.31%,87100
08/30/2021,32.87,32.92,32.1,32.19,-0.48,-1.47%,84400
08/27/2021,32.41,32.99,32.41,32.67,0.27,+0.83%,96000
08/26/2021,32.72,32.98,32.3,32.4,-0.16,-0.49%,98900
08/25/2021,32.86,33.09,32.53,32.56,-0.2,-0.61%,79900
08/24/2021,32.84,33.01,32.37,32.76,-0.04,-0.12%,66800
08/23/2021,32.93,33.11,32.7,32.8,0.01,+0.03%,102700
08/20/2021,32.37,33.16,31.65,32.79,0.16,+0.49%,414700
08/19/2021,32.74,32.88,32.45,32.63,-0.34,-1.03%,96900
08/18/2021,33.36,33.65,32.93,32.97,-0.53,-1.58%,76100
08/17/2021,33.58,33.79,33.175,33.5,-0.24,-0.71%,55000
08/16/2021,33.93,34.1393,33.46,33.74,-0.08,-0.24%,100000
08/13/2021,34.28,34.28,33.63,33.82,-0.38,-1.11%,69900
08/12/2021,34.29,34.33,33.6443,34.2,-0.15,-0.44%,95800
08/11/2021,34.3,34.425,33.83,34.35,0.03,+0.09%,88500
08/10/2021,33.97,34.39,33.53,34.32,0.51,+1.51%,111700
08/09/2021,34.04,34.14,33.63,33.81,-0.36,-1.05%,51700
08/06/2021,33.93,34.36,33.75,34.17,0.63,+1.88%,46100
08/05/2021,33.42,33.585,33.27,33.54,0.28,+0.84%,45600
08/04/2021,33.57,33.7331,33.22,33.26,-0.55,-1.63%,56200
08/03/2021,33.39,34.014,33.06,33.81,0.42,+1.26%,117400
08/02/2021,33.8,34.28,33.25,33.39,-0.24,-0.71%,73500
07/30/2021,33.62,34.16,33.515,33.63,-0.1,-0.30%,66800
07/29/2021,33.79,33.99,33.49,33.73,0.18,+0.54%,68800
07/28/2021,33.5,33.71,32.9,33.55,0.15,+0.45%,93700
07/27/2021,33.11,33.45,33.025,33.4,0.12,+0.36%,58500
07/26/2021,33.15,33.665,33.12,33.28,0.17,+0.51%,61100
07/23/2021,33.06,33.17,32.69,33.11,0.41,+1.25%,51800
07/22/2021,33.72,33.95,32.6,32.7,-1.19,-3.51%,79600
07/21/2021,33.24,34.39,33.17,33.89,0.84,+2.54%,92400
07/20/2021,32.51,33.82,32.51,33.05,0.5,+1.54%,116700
07/19/2021,33.99,33.99,32.31,32.55,-1.05,-3.13%,71900
07/16/2021,33.83,33.83,33.4,33.6,0.03,+0.09%,65800
07/15/2021,33.08,33.84,33.08,33.57,0.31,+0.93%,120300
07/14/2021,33.08,33.42,32.83,33.26,0.26,+0.79%,72800
07/13/2021,33.56,33.56,32.9,33,-0.61,-1.81%,56300
07/12/2021,33.19,33.71,33.06,33.61,0.36,+1.08%,85300
07/09/2021,33.09,33.44,32.86,33.25,0.66,+2.03%,60100
07/08/2021,33.29,33.29,32.22,32.59,-0.62,-1.87%,98700
07/07/2021,33.34,33.74,32.93,33.21,-0.23,-0.69%,82400
07/06/2021,33.99,33.99,33.08,33.44,-0.6,-1.76%,49400
07/02/2021,34.51,34.51,33.9,34.04,-0.48,-1.39%,51700
07/01/2021,34.77,34.81,34.28,34.52,0.14,+0.41%,79600
06/30/2021,34.17,34.6744,34.17,34.38,0.11,+0.32%,80400
06/29/2021,34.32,34.65,34.15,34.27,-0.03,-0.09%,60400
06/28/2021,35.23,35.23,34.1,34.3,-1.05,-2.97%,73600
06/25/2021,35.36,35.9,35.03,35.35,-0.04,-0.11%,210200
06/24/2021,34.57,35.42,34.49,35.39,0.83,+2.40%,48300
06/23/2021,34.71,35.37,34.53,34.56,-0.11,-0.32%,114500
06/22/2021,35.03,35.03,34.29,34.67,-0.27,-0.77%,45800
06/21/2021,34.48,35.13,34.29,34.94,0.68,+1.98%,52000
06/18/2021,35.52,35.54,34.16,34.26,-1.79,-4.97%,133600
06/17/2021,36.77,37.01,36.02,36.05,-0.92,-2.49%,121800
06/16/2021,36.35,37.12,36.2,36.97,0.47,+1.29%,60100
06/15/2021,36.48,36.87,36.31,36.5,0.18,+0.50%,45000
06/14/2021,36.15,36.35,36.035,36.32,0.17,+0.47%,91700
06/11/2021,36.25,36.4,36.07,36.15,0.01,+0.03%,92500
06/10/2021,36.64,37.42,36.13,36.14,-0.12,-0.33%,96300
06/09/2021,36.07,36.48,35.8298,36.26,-0.01,-0.03%,109100
06/08/2021,35.85,36.37,35.538,36.27,0.25,+0.69%,86900
06/07/2021,36.85,36.85,35.93,36.02,-0.73,-1.99%,82700
06/04/2021,37.24,37.56,36.38,36.75,-0.56,-1.50%,81300
06/03/2021,37.22,37.41,36.84,37.31,-0.15,-0.40%,100300
06/02/2021,37.79,37.92,37.2,37.46,-0.34,-0.90%,100000
06/01/2021,39.21,39.21,37.76,37.8,-1.33,-3.40%,166600
05/28/2021,40.16,41.47,37.99,39.13,0.63,+1.64%,131500
05/27/2021,38,38.55,38,38.5,0.6,+1.58%,59240
05/26/2021,37.4,38,37.3,37.9,0.6,+1.61%,64300
05/25/2021,38.55,38.65,37.25,37.3,-1.05,-2.74%,62380
05/24/2021,38.8,38.8,38.05,38.35,-0.45,-1.16%,106000
05/21/2021,38.95,39,38.4,38.8,0.3,+0.78%,46520
05/20/2021,38.45,38.55,37.8495,38.5,0,0.00%,51620
05/19/2021,38.25,38.67,37.65,38.5,0,0.00%,95260
05/18/2021,39,39.15,38.5,38.5,-0.5,-1.28%,35420
05/17/2021,38.8,39.075,38.5,39,0.15,+0.39%,36020
05/14/2021,38.6,38.85,38.3,38.85,0.4,+1.04%,43680
05/13/2021,37.1,38.5,37.1,38.45,1.35,+3.64%,86580
05/12/2021,37.65,37.9,36.95,37.1,-0.4,-1.07%,78540
05/11/2021,37.4,37.9,37.35,37.5,-0.25,-0.66%,46500
05/10/2021,37.95,38.45,37.7,37.75,-0.2,-0.53%,87660
05/07/2021,37.2,38.05,37.1,37.95,0.2,+0.53%,51400
05/06/2021,37.25,37.75,37.1,37.75,0.55,+1.48%,118280
05/05/2021,37.35,37.35,36.85,37.2,-0.1,-0.27%,39700
05/04/2021,37,37.5,36.925,37.3,0.325,+0.88%,73300
05/03/2021,36.95,37.2,36.8,36.975,0.4,+1.09%,112960
04/30/2021,36.9,37.005,36.45,36.575,-0.525,-1.42%,66340
04/29/2021,37.2,37.35,37.05,37.1,0.15,+0.41%,48060
04/28/2021,37.1,37.15,36.85,36.95,-0.1,-0.27%,31080
04/27/2021,37.15,37.2,36.725,37.05,0.05,+0.14%,63060
04/26/2021,37.3,37.5,36.85,37,-0.25,-0.67%,49560
04/23/2021,36.55,37.5,36.55,37.25,0.55,+1.50%,74420
04/22/2021,37.35,37.35,36.6,36.7,-0.475,-1.28%,38440
04/21/2021,36.9,37.4,36.7,37.175,0.275,+0.75%,64500
04/20/2021,37.65,37.65,36.8,36.9,-0.7,-1.86%,62900
04/19/2021,37.75,37.9,37.175,37.6,-0.15,-0.40%,73100
04/16/2021,38.1,38.1,37.55,37.75,0.05,+0.13%,34020
04/15/2021,37.65,37.7,37.05,37.7,0.1,+0.27%,28920
04/14/2021,37.05,37.725,37.05,37.6,0.45,+1.21%,47860
04/13/2021,37.5,37.5,36.9,37.15,-0.6,-1.59%,46260
04/12/2021,37.55,37.8,37.55,37.75,0.1,+0.27%,30980
04/09/2021,37.55,37.75,37.325,37.65,0.2,+0.53%,49380
04/08/2021,37,37.5,36.65,37.45,0.25,+0.67%,52000
04/07/2021,37.2,37.45,36.9,37.2,-0.05,-0.13%,65500
04/06/2021,37.3,37.55,37.05,37.25,-0.25,-0.67%,46640
04/05/2021,37.75,37.925,37.15,37.5,0.2,+0.54%,54460
04/01/2021,36.85,37.4,36.45,37.3,0.45,+1.22%,85460
03/31/2021,37.2,37.5,36.6,36.85,-0.45,-1.21%,136980
03/30/2021,37.7,37.95,37.25,37.3,0.2,+0.54%,154300
03/29/2021,37.35,37.95,36.85,37.1,-0.55,-1.46%,67540
03/26/2021,37.45,37.7,37.05,37.65,0.75,+2.03%,75960
03/25/2021,36.2,37.35,35.7,36.9,1,+2.79%,75260
03/24/2021,35.95,37.225,35.8,35.9,0.3,+0.84%,82700
03/23/2021,36.25,36.475,35.55,35.6,-0.95,-2.60%,63660
03/22/2021,37.25,37.4,36.1,36.55,-0.85,-2.27%,87360
03/19/2021,37.2,37.7,36.85,37.4,-0.45,-1.19%,482500
03/18/2021,38.15,38.9,37.7,37.85,0.05,+0.13%,75920
03/17/2021,37.95,38.175,37.55,37.8,0.05,+0.13%,67100
03/16/2021,38.05,38.05,37.2,37.75,-0.65,-1.69%,72200
03/15/2021,39.15,39.3,38.05,38.4,-0.675,-1.73%,62040
03/12/2021,38.85,39.75,38.45,39.075,0.525,+1.36%,73660
03/11/2021,38.65,38.75,38.06,38.55,-0.1,-0.26%,80380
03/10/2021,37.9,39,37.2,38.65,1.05,+2.79%,113240
03/09/2021,37.9,38.1,37.1495,37.6,-0.55,-1.44%,65820
03/08/2021,36.85,38.4,36.85,38.15,1.5,+4.09%,107619
03/05/2021,36.35,36.75,36.1,36.65,0.65,+1.81%,99720
03/04/2021,35.55,36.9,35.4,36,-0.15,-0.41%,143000
03/03/2021,35.55,36.9665,35.55,36.15,1,+2.84%,124579
03/02/2021,35.35,35.575,34.9,35.15,-0.3,-0.85%,51500
03/01/2021,35.2,35.65,34.9,35.45,1.05,+3.05%,69980
02/26/2021,34.85,34.95,34.075,34.4,-0.4,-1.15%,141620
02/25/2021,35.9,35.9,34.8,34.8,-0.85,-2.38%,139340
02/24/2021,35.45,35.95,35.4,35.65,0.55,+1.57%,90300
02/23/2021,34.85,35.6,34.75,35.1,0.35,+1.01%,106680
02/22/2021,34.2,34.85,34.025,34.75,0.525,+1.53%,239559
02/19/2021,33.65,34.35,33.65,34.225,0.775,+2.32%,203340
02/18/2021,34,34.3,33.425,33.45,-0.6,-1.76%,83160
02/17/2021,34.05,34.3,33.75,34.05,0,0.00%,47480
02/16/2021,34.2,34.55,33.8,34.05,0.2,+0.59%,65240
02/12/2021,33.5,34,33.5,33.85,0.15,+0.45%,45320
02/11/2021,33.7,34.2,33.35,33.7,-0.05,-0.15%,78920
02/10/2021,33.85,34.1,33.575,33.75,0,0.00%,111139
02/09/2021,33.15,34,32.95,33.75,0.6,+1.81%,73800
02/08/2021,32.75,33.15,32.55,33.15,0.6,+1.84%,93940
02/05/2021,32.8,32.9,32.2995,32.55,0.05,+0.15%,87900
02/04/2021,31.9,32.65,31.65,32.5,0.65,+2.04%,126419
02/03/2021,31.9,32.15,31.3,31.85,-0.1,-0.31%,130840
02/02/2021,31.9,32.35,31.475,31.95,0.5,+1.59%,94600
02/01/2021,31.4,31.65,30.85,31.45,0.35,+1.13%,77100
01/29/2021,31.65,31.9,30.95,31.1,-0.6,-1.89%,94960
01/28/2021,31.7,31.85,31.25,31.7,0.3,+0.96%,119619
01/27/2021,32.3,32.55,31.15,31.4,-1.4,-4.27%,131160
01/26/2021,33.35,33.475,32.7,32.8,-0.55,-1.65%,88700
01/25/2021,33.65,34.15,32.7,33.35,-2.05,-5.79%,176880
01/22/2021,35.5,35.6,33.75,35.4,-0.325,-0.91%,120560
01/21/2021,36.5,36.7,35.6,35.725,-0.775,-2.12%,80460
01/20/2021,36.2,36.55,35.9,36.5,0.35,+0.97%,105980
01/19/2021,36.1,36.45,35.65,36.15,0.075,+0.21%,66220
01/15/2021,35.8,36.3,35.5,36.075,0.125,+0.35%,120800
01/14/2021,35.55,36.3,35.5005,35.95,0.55,+1.55%,109600
01/13/2021,35.65,35.95,34.95,35.4,-0.35,-0.98%,60820
01/12/2021,35.4,35.85,35.15,35.75,0.375,+1.06%,65900
01/11/2021,34.75,35.425,34.6,35.375,0.25,+0.71%,48040
01/08/2021,35.7,36.15,34.4,35.125,-0.55,-1.54%,81760
01/07/2021,36.3,36.95,35.425,35.675,-0.075,-0.21%,88060
01/06/2021,34.3,36.55,33.75,35.75,2.05,+6.08%,235480
01/05/2021,33.2,34,33.2,33.7,0.5,+1.51%,74700
01/04/2021,33.65,33.8,33.05,33.2,-0.15,-0.45%,127660
12/31/2020,32.85,33.4,32.7,33.35,0.45,+1.37%,56560
12/30/2020,32.8,33.2,32.55,32.9,0.125,+0.38%,53700
12/29/2020,33.65,33.65,32.55,32.775,-0.675,-2.02%,49480
12/28/2020,33.15,33.65,32.95,33.45,0.45,+1.36%,75940
12/24/2020,33.1,33.25,32.6,33,-0.05,-0.15%,23560
12/23/2020,32.3,33.175,32.3,33.05,0.75,+2.32%,53860
12/22/2020,32.7,32.825,32.225,32.3,-0.475,-1.45%,58240
12/21/2020,32.65,33.1,32.4,32.775,-0.325,-0.98%,94580
12/18/2020,33.35,33.8505,32.8,33.1,-0.1,-0.30%,483279
12/17/2020,33,33.275,32.6,33.2,0.35,+1.07%,81460
12/16/2020,32.85,33.075,32.625,32.85,0.1,+0.31%,71860
12/15/2020,32.2,33,32.15,32.75,1.025,+3.23%,95280
12/14/2020,32.45,32.45,31.65,31.725,0.025,+0.08%,68320
12/11/2020,31.55,31.95,31.5,31.7,-0.25,-0.78%,37820
12/10/2020,31.7,31.95,31.575,31.95,0.05,+0.16%,49800
12/09/2020,32.05,32.3,31.7,31.9,0.15,+0.47%,60620
12/08/2020,31.35,31.8,31.3005,31.75,0.1,+0.32%,44620
12/07/2020,31.5,32.05,31.15,31.65,-0.15,-0.47%,57400
12/04/2020,31.35,31.85,31.275,31.8,0.65,+2.09%,50040
12/03/2020,31.25,31.45,30.9,31.15,-0.25,-0.80%,78120
12/02/2020,30.95,31.55,30.95,31.4,0.2,+0.64%,61760
12/01/2020,31.1,31.55,30.7995,31.2,0.85,+2.80%,68020
11/30/2020,31.1,31.35,30.35,30.35,-1.1,-3.50%,89480
11/27/2020,31.6,31.8,30.9,31.45,-0.4,-1.26%,48280
11/25/2020,32.25,32.95,31.65,31.85,-0.75,-2.30%,47180
11/24/2020,31.6,32.9,31.6,32.6,1.45,+4.65%,155820
11/23/2020,31.25,31.7,31,31.15,0.125,+0.40%,201160
11/20/2020,30.65,31.05,30.45,31.025,-0.075,-0.24%,63760
11/19/2020,31,31.1,30.4,31.1,0,0.00%,44720
11/18/2020,31.85,32.3,31.1,31.1,-0.4,-1.27%,65260
11/17/2020,31.65,31.7,30.925,31.5,-0.45,-1.41%,75700
11/16/2020,31.3,32.1,31.25,31.95,1.3,+4.24%,63280
11/13/2020,30,30.875,30,30.65,0.725,+2.42%,68740
11/12/2020,30.2,30.35,29.3,29.925,-0.675,-2.21%,83020
11/11/2020,31.4,31.4,30.1,30.6,-0.85,-2.70%,68200
11/10/2020,31.35,32,31,31.45,0.45,+1.45%,100180
11/09/2020,29.5,31.85,28.95,31,3.6,+13.14%,148360
11/06/2020,28.1,28.15,27.1995,27.4,-0.45,-1.62%,52680
11/05/2020,27.3,28.1,27.3,27.85,0.85,+3.15%,78140
11/04/2020,28.4,28.4,26.725,27,-1.85,-6.41%,107580
11/03/2020,28.5,29.05,28.375,28.85,0.825,+2.94%,79200
11/02/2020,27.8,28.4,27.45,28.025,0.55,+2.00%,63660
10/30/2020,26.8,27.7,26.8,27.475,0.475,+1.76%,73600
10/29/2020,27,27.35,26.5,27,-0.1,-0.37%,86260
10/28/2020,27.3,27.7,27.05,27.1,-0.55,-1.99%,64220
10/27/2020,28.2,28.35,27.4505,27.65,-0.7,-2.47%,50260
10/26/2020,28.55,28.6495,28,28.35,-0.65,-2.24%,65560
10/23/2020,30,30.1,28.8,29,-0.65,-2.19%,66580
10/22/2020,27.9,29.65,27.4005,29.65,2,+7.23%,118560
10/21/2020,27.45,27.7,27.3,27.65,0.225,+0.82%,113160
10/20/2020,27.3,27.65,27.25,27.425,0.375,+1.39%,54660
10/19/2020,27.4,27.725,26.95,27.05,-0.3,-1.10%,40260
10/16/2020,27.4,27.55,27,27.35,-0.2,-0.73%,40080
10/15/2020,26.7,27.55,26.5,27.55,0.55,+2.04%,51780
10/14/2020,27.35,27.625,26.95,27,-0.45,-1.64%,34920
10/13/2020,28.25,28.25,27.35,27.45,-1,-3.51%,62060
10/12/2020,28.15,28.45,27.95,28.45,0.25,+0.89%,48840
10/09/2020,28.4,28.6,28,28.2,0.05,+0.18%,59540
10/08/2020,28.45,28.567,27.95,28.15,-0.05,-0.18%,53540
10/07/2020,28.15,28.7,27.7,28.2,0.3,+1.08%,84440
10/06/2020,27.45,28.65,27.25,27.9,0.8,+2.95%,166680
10/05/2020,27.15,27.325,26.95,27.1,0.25,+0.93%,51800
10/02/2020,26,27.15,26,26.85,0.35,+1.32%,79140
10/01/2020,26.35,26.6,25.925,26.5,0.4,+1.53%,80500
09/30/2020,26.5,26.9,26.1,26.1,-0.3,-1.14%,86020
09/29/2020,26.55,26.65,26,26.4,-0.25,-0.94%,77820
09/28/2020,26.05,26.9,25.95,26.65,0.85,+3.29%,95620
09/25/2020,25.6,26.2,25.6,25.8,-0.025,-0.10%,84860
09/24/2020,25.35,26.45,25.25,25.825,0.475,+1.87%,99900
09/23/2020,26.2,26.7,25.35,25.35,-0.6,-2.31%,91060
09/22/2020,26.6,26.9,25.6,25.95,-0.5,-1.89%,174920
09/21/2020,28.25,28.25,26.225,26.45,-2.25,-7.84%,126339
09/18/2020,28.2,29,27.7,28.7,0.7,+2.50%,263140
09/17/2020,27.8,28.35,27.7,28,-0.15,-0.53%,61960
09/16/2020,28.15,28.65,27.95,28.15,0,0.00%,76520
09/15/2020,28.45,28.65,28.075,28.15,-0.325,-1.14%,47240
09/14/2020,28.1,28.7,28.05,28.475,0.425,+1.52%,70280
09/11/2020,27.95,28.35,27.7,28.05,0.15,+0.54%,91540
09/10/2020,28.45,28.6,27.8,27.9,-0.55,-1.93%,103240
09/09/2020,28.75,29.2,28.3,28.45,-0.2,-0.70%,85220
09/08/2020,29.55,29.55,28.2,28.65,-1.05,-3.54%,77740
09/04/2020,29.6,29.95,29.1,29.7,0.7,+2.41%,104800
09/03/2020,29.25,30.05,28.125,29,-0.4,-1.36%,102200
09/02/2020,29.2,29.7,29.15,29.4,0,0.00%,109200
09/01/2020,29.6,29.92,29.35,29.4,-0.4,-1.34%,68640
08/31/2020,29.15,30,29.125,29.8,0.5,+1.71%,98960
08/28/2020,29.55,29.55,28.95,29.3,0.1,+0.34%,91600
08/27/2020,29.15,29.775,29.1,29.2,0.1,+0.34%,63360
08/26/2020,29.55,29.575,28.9,29.1,-0.475,-1.61%,67060
08/25/2020,29.85,30.3,29.325,29.575,-0.05,-0.17%,44480
08/24/2020,29.1,29.65,28.85,29.625,0.675,+2.33%,42780
08/21/2020,29,29.5,28.8,28.95,-0.25,-0.86%,75580
08/20/2020,29.25,29.55,29.075,29.2,-0.35,-1.18%,62040
08/19/2020,29.95,30.1,29.35,29.55,-0.15,-0.51%,81300
08/18/2020,30.5,30.5,29.5,29.7,-0.8,-2.62%,57900
08/17/2020,30.8,30.8,30.3,30.5,-0.525,-1.69%,46840
08/14/2020,30.35,31.2,30.15,31.025,0.625,+2.06%,56240
08/13/2020,31,31.1,30.35,30.4,-0.85,-2.72%,56220
08/12/2020,31.95,32.25,30.85,31.25,-0.1,-0.32%,59400
08/11/2020,31.8,32.25,31.225,31.35,0.1,+0.32%,80240
08/10/2020,30.75,31.9,30.75,31.25,0.35,+1.13%,79920
08/07/2020,29.5,30.95,29.3,30.9,1.4,+4.75%,81420
08/06/2020,29.45,29.8,29.275,29.5,0,0.00%,43240
08/05/2020,28.9,29.65,28.45,29.5,0.875,+3.06%,78120
08/04/2020,28.7,29.35,28.5,28.625,-0.225,-0.78%,56060
08/03/2020,28.95,29.2,28.65,28.85,-0.1,-0.35%,45680
07/31/2020,29.1,29.1,28.4,28.95,-0.3,-1.03%,73060
07/30/2020,29.25,29.675,28.9,29.25,-0.55,-1.85%,61760
07/29/2020,29.45,29.85,29.15,29.8,0.4,+1.36%,76160
07/28/2020,29.4,29.8,29.3,29.4,-0.2,-0.68%,88560
07/27/2020,29.9,29.95,29.4,29.6,-0.5,-1.66%,72980
07/24/2020,30.7,31.05,30.05,30.1,-0.475,-1.55%,65560
07/23/2020,30,30.6,29.8,30.575,0.475,+1.58%,137660
07/22/2020,30.6,30.6,29.5,30.1,-0.925,-2.98%,116200
07/21/2020,30.35,31.05,30.1505,31.025,1.15,+3.85%,76840
07/20/2020,30.55,30.55,29.7,29.875,-0.75,-2.45%,56240
07/17/2020,31.1,31.2,30.55,30.625,-0.5,-1.61%,66500
07/16/2020,31,31.45,30.6,31.125,0.05,+0.16%,59980
07/15/2020,29.8,31.35,29.6,31.075,1.275,+4.28%,100640
07/14/2020,29.7,30.15,29.25,29.8,-0.025,-0.08%,87080
07/13/2020,29.9,30.25,29.3,29.825,0.175,+0.59%,75840
07/10/2020,28.85,29.75,28.75,29.65,0.9,+3.13%,99580
07/09/2020,29.65,29.65,28.5,28.75,-1.05,-3.52%,97100
07/08/2020,29.75,30.121,29.25,29.8,0.05,+0.17%,101400
07/07/2020,29.95,30.2,29.5,29.75,-0.6,-1.98%,83420
07/06/2020,31,31.2,30.05,30.35,0.15,+0.50%,39180
07/02/2020,31,31.7,30.1,30.2,-0.175,-0.58%,54500
07/01/2020,32,32.1,30.25,30.375,-1.275,-4.03%,118120
06/30/2020,30.85,31.85,30.8,31.65,0.6,+1.93%,81580
06/29/2020,30,31.05,30,31.05,1.55,+5.25%,76060
06/26/2020,29.65,30.05,28.75,29.5,-0.725,-2.40%,186400
06/25/2020,29.25,30.25,28.75,30.225,0.65,+2.20%,113180
06/24/2020,29.75,29.95,29.1,29.575,-0.775,-2.55%,118339
06/23/2020,31.3,31.3,30.15,30.35,-0.3,-0.98%,72240
06/22/2020,30,30.75,29.7,30.65,0.35,+1.16%,51980
06/19/2020,31.05,31.3,29.9,30.3,-0.475,-1.54%,174360
06/18/2020,30.85,31.4,30.45,30.775,0.075,+0.24%,49180
06/17/2020,32.05,32.2,30.55,30.7,-1.325,-4.14%,52700
06/16/2020,32.4,32.625,31.4,32.025,0.825,+2.64%,97400
06/15/2020,29.95,31.55,29.8,31.2,0.1,+0.32%,76940
06/12/2020,31.3,31.8,30.1,31.1,0.75,+2.47%,94440
06/11/2020,31.45,32.2,30.1,30.35,-2.8,-8.45%,109779
06/10/2020,34.8,34.85,33.1,33.15,-1.65,-4.74%,68780
06/09/2020,35.1,35.7,33.95,34.8,-1.325,-3.67%,77580
06/08/2020,35.2,36.25,35.05,36.125,1.1,+3.14%,112320
06/05/2020,34.75,35.5005,34.25,35.025,1.8,+5.42%,111059
06/04/2020,32.2,33.56,32.1,33.225,0.525,+1.61%,111720
06/03/2020,31.5,33.4,31.4,32.7,1.6,+5.14%,83720
06/02/2020,31.6,31.9495,30.825,31.1,-0.1,-0.32%,76480
06/01/2020,31.55,32.45,31.15,31.2,-0.3,-0.95%,93200
05/29/2020,32.85,32.975,31.15,31.5,-1.9,-5.69%,112920
05/28/2020,34.9,34.9,33.1,33.4,-1.1,-3.19%,174860
05/27/2020,32.25,34.75,32.05,34.5,3.2,+10.22%,131980
05/26/2020,31,31.825,30.75,31.3,1.25,+4.16%,95520
05/22/2020,30.35,30.4,29.45,30.05,-0.05,-0.17%,71100
05/21/2020,30.15,30.85,29.925,30.1,-0.1,-0.33%,92220
05/20/2020,29.95,31.25,29.55,30.2,0.7,+2.37%,148260
05/19/2020,28.55,29.7,28.242,29.5,0.775,+2.70%,173660
05/18/2020,28.5,29.2,27.6005,28.725,1.575,+5.80%,193380
05/15/2020,25.65,27.5,25.45,27.15,1.35,+5.23%,713100
05/14/2020,25.3,26.093,23.95,25.8,-0.05,-0.19%,211220
05/13/2020,26.55,27.15,25.3,25.85,-0.85,-3.18%,116419
05/12/2020,28.45,28.6,26.55,26.7,-1.825,-6.40%,166560
05/11/2020,29.2,29.65,28.1,28.525,-1.325,-4.44%,135180
05/08/2020,28.9,29.975,28.8,29.85,1.5,+5.29%,71540
05/07/2020,29.55,29.75,28.3,28.35,-0.825,-2.83%,111420
05/06/2020,30.5,30.5,28.25,29.175,-0.625,-2.10%,173080
05/05/2020,29.95,31.2015,29.55,29.8,0.25,+0.85%,190540
05/04/2020,30.25,30.45,28.95,29.55,-1.35,-4.37%,83920
05/01/2020,30.75,31.2,30,30.9,-0.6,-1.90%,111000
04/30/2020,32.3,32.3,30.65,31.5,-0.8,-2.48%,137180
04/29/2020,31.1,33.2,30.85,32.3,2.075,+6.87%,107240
04/28/2020,30,30.85,29.75,30.225,0.975,+3.33%,104200
04/27/2020,28.25,30,27.95,29.25,1.8,+6.56%,121200
04/24/2020,27.55,28.45,27.05,27.45,-0.1,-0.36%,114360
04/23/2020,27.75,29.4995,27.05,27.55,1.75,+6.78%,190540
04/22/2020,27.9,29.35,25.15,25.8,-0.95,-3.55%,125320
04/21/2020,25.25,26.95,24.95,26.75,0.7,+2.69%,83240
04/20/2020,26,26.6,25.3,26.05,-0.8,-2.98%,66400
04/17/2020,26.05,27.4,25.85,26.85,1.8,+7.19%,82020
04/16/2020,25.1,25.3,24,25.05,-0.1,-0.40%,120280
04/15/2020,25.9,25.9,24.9,25.15,-1.9,-7.02%,75340
04/14/2020,28.3,29,26.55,27.05,-0.75,-2.70%,73080
04/13/2020,29.2,29.2,27.6,27.8,-1.5,-5.12%,53520
04/09/2020,28.15,29.3,27.15,29.3,1.95,+7.13%,98660
04/08/2020,26.05,27.425,25.7,27.35,1.75,+6.84%,104820
04/07/2020,27.25,27.6,25.125,25.6,-0.85,-3.21%,99760
04/06/2020,25.9,26.55,25.25,26.45,1.85,+7.52%,80360
04/03/2020,26.3,26.7,23.7505,24.6,-2,-7.52%,116560
04/02/2020,26.2,27.15,25.55,26.6,0.25,+0.95%,109820
04/01/2020,26.55,27.2,25.6,26.35,-0.7,-2.59%,121800
03/31/2020,27.85,28.15,26.35,27.05,-1.05,-3.74%,121939
03/30/2020,26.8,28.2,25.8505,28.1,1.55,+5.84%,102240
03/27/2020,26.25,27.6,25,26.55,-0.85,-3.10%,83460
03/26/2020,25.15,27.65,24.7,27.4,2.65,+10.71%,92980
03/25/2020,25.4,26.175,24.35,24.75,-0.55,-2.17%,140780
03/24/2020,24,25.4,23.625,25.3,2.7,+11.95%,126520
03/23/2020,23.4,23.7,21.5,22.6,-0.7,-3.00%,168440
03/20/2020,24.4,26.25,23.05,23.3,-1.1,-4.51%,196200
03/19/2020,24.5,25.85,23.5,24.4,0,0.00%,119299
03/18/2020,27.85,28.15,24.35,24.4,-5,-17.01%,136880
03/17/2020,25.8,29.5,25.2,29.4,4.1,+16.21%,156240
03/16/2020,27,27.6,25.25,25.3,-3.95,-13.50%,121960
03/13/2020,26.65,29.3,25.5,29.25,3.85,+15.16%,127040
03/12/2020,29,29.55,25.05,25.4,-5.2,-16.99%,174800
03/11/2020,32.05,32.6,30.375,30.6,-2.4,-7.27%,152300
03/10/2020,33.45,33.45,31.4,33,0.35,+1.07%,227120
03/09/2020,33.55,34.6995,32.4,32.65,-2.4,-6.85%,150020
03/06/2020,34.7,35.55,34.1,35.05,-0.7,-1.96%,134240
03/05/2020,35.7,35.85,35.15,35.75,-1.05,-2.85%,126280
03/04/2020,36.15,36.85,35.35,36.8,0.95,+2.65%,74880
03/03/2020,36.25,37.4,35.4,35.85,-0.65,-1.78%,167840
03/02/2020,34.6,36.55,34.2,36.5,2.2,+6.41%,149640
02/28/2020,35,35.55,34,34.3,-1.25,-3.52%,169560
02/27/2020,36.75,37.2,35.55,35.55,-1.55,-4.18%,101440
02/26/2020,37.25,37.75,37.05,37.1,-0.1,-0.27%,57520
02/25/2020,38.25,38.25,37.15,37.2,-1.15,-3.00%,83380
02/24/2020,38.5,38.85,38,38.35,-0.5,-1.29%,58960
02/21/2020,39.15,39.3,38.8,38.85,-0.35,-0.89%,119880
02/20/2020,39.25,39.45,39,39.2,-0.05,-0.13%,66880
02/19/2020,39.35,39.45,39,39.25,0,0.00%,50060
02/18/2020,39.15,39.55,39.1,39.25,-0.2,-0.51%,40480
02/14/2020,39.9,40.05,39.35,39.45,-0.4,-1.00%,63740
02/13/2020,39.75,40.1,39.75,39.85,0,0.00%,37580
02/12/2020,40,40.05,39.725,39.85,0.1,+0.25%,32160
02/11/2020,39.6,40.15,39.6,39.75,0.125,+0.32%,34400
02/10/2020,39.75,39.8,39.55,39.625,-0.225,-0.56%,42860
02/07/2020,39.95,40.15,39.75,39.85,-0.2,-0.50%,32860
02/06/2020,40.8,40.95,40.05,40.05,-0.55,-1.35%,29000
02/05/2020,40.15,40.65,40.1,40.6,0.75,+1.88%,55320
02/04/2020,40,40.25,39.8,39.85,0,0.00%,43780
02/03/2020,39.8,39.9,39.5,39.85,0.2,+0.50%,71240
01/31/2020,39.85,40.125,39.5,39.65,-0.55,-1.37%,68280
01/30/2020,39.9,40.4,39.8,40.2,0.175,+0.44%,68000
01/29/2020,40.4,40.55,39.9,40.025,-0.475,-1.17%,78140
01/28/2020,41.1,41.1,40.45,40.5,-0.15,-0.37%,52760
01/27/2020,40.2,40.8,40.15,40.65,0.1,+0.25%,62640
01/24/2020,41.05,41.05,40.229,40.55,-0.55,-1.34%,52300
01/23/2020,40.8,41.15,40.25,41.1,0.45,+1.11%,84440
01/22/2020,41.5,41.5,40.1,40.65,-0.85,-2.05%,64140
01/21/2020,41.9,42.1935,41.45,41.5,-0.55,-1.31%,47460
01/17/2020,42.65,42.65,41.95,42.05,-0.15,-0.36%,58680
01/16/2020,41.95,42.525,41.8,42.2,0.5,+1.20%,52080
01/15/2020,42.1,42.1,41.45,41.7,-0.45,-1.07%,51960
01/14/2020,42.3,42.3,41.95,42.15,-0.2,-0.47%,67720
01/13/2020,42.1,42.4,41.95,42.35,0.2,+0.47%,38380
01/10/2020,42.45,42.6,41.95,42.15,-0.35,-0.82%,41900
01/09/2020,42.85,42.85,42.35,42.5,0.05,+0.12%,34800
01/08/2020,42.3,42.7,42.25,42.45,0.15,+0.35%,89020
01/07/2020,43.05,43.05,42.15,42.3,-0.85,-1.97%,49340
01/06/2020,43.55,43.55,43,43.15,-0.675,-1.54%,38300
01/03/2020,43.15,43.85,42.95,43.825,0.225,+0.52%,77960
01/02/2020,43.6,43.85,43.35,43.6,0.25,+0.58%,60400
12/31/2019,43.6,43.85,43.35,43.35,-0.25,-0.57%,51000
12/30/2019,43.55,43.65,43.3,43.6,0.15,+0.35%,51220
12/27/2019,44.05,44.1,43.375,43.45,-0.65,-1.47%,48880
12/26/2019,44.1,44.25,43.9,44.1,0.15,+0.34%,35920
12/24/2019,44.25,44.25,43.8,43.95,-0.3,-0.68%,30740
12/23/2019,45.05,45.05,44.15,44.25,-0.9,-1.99%,45220
12/20/2019,45.1,45.25,44.85,45.15,0.225,+0.50%,166180
12/19/2019,44.9,45,44.45,44.925,0,0.00%,108520
12/18/2019,45.25,45.5,44.9,44.925,-0.225,-0.50%,130040
12/17/2019,44.3,45.25,44.3,45.15,0.9,+2.03%,127400
12/16/2019,44.2,44.5,43.75,44.25,0.5,+1.14%,75740
12/13/2019,43.8,44,43.4,43.75,-0.05,-0.11%,96360
12/12/2019,43.35,44.25,43.25,43.8,0.55,+1.27%,59400
12/11/2019,43.4,43.5,43.075,43.25,-0.1,-0.23%,45380
12/10/2019,42.9,43.4,42.8,43.35,0.45,+1.05%,57580
12/09/2019,43.2,43.25,42.75,42.9,-0.3,-0.69%,60200
12/06/2019,43.25,43.8,43.15,43.2,0.25,+0.58%,57420
12/05/2019,43,43.3,42.75,42.95,-0.3,-0.69%,41660
12/04/2019,43.4,43.75,43.15,43.25,0,0.00%,54640
12/03/2019,43.35,43.4,43.05,43.25,-0.35,-0.80%,32960
12/02/2019,44,44.15,43.55,43.6,-0.3,-0.68%,37540
11/29/2019,43.75,44.2,43.65,43.9,0,0.00%,23720
11/27/2019,43.85,44,43.65,43.9,0.25,+0.57%,39120
11/26/2019,43.7,44.2,43.6,43.65,-0.175,-0.40%,58460
11/25/2019,43.5,44.1,43.3,43.825,0.325,+0.75%,72500
11/22/2019,43.6,43.65,43.15,43.5,-0.05,-0.11%,23200
11/21/2019,43.95,44.05,43.275,43.55,-0.2,-0.46%,40040
11/20/2019,43.85,44.15,43.6,43.75,-0.2,-0.46%,56140
11/19/2019,43.7,44.125,43.65,43.95,0.35,+0.80%,37880
11/18/2019,43.5,43.9,43.3,43.6,-0.05,-0.11%,27840
11/15/2019,43.85,43.9,43.45,43.65,0.15,+0.34%,104540
11/14/2019,43.4,43.6,43.3,43.5,0,0.00%,34820
11/13/2019,43.7,43.8,43.35,43.5,-0.5,-1.14%,33720
11/12/2019,43.8,44.275,43.8,44,0.2,+0.46%,41640
11/11/2019,43.7,44.25,43.6,43.8,0.1,+0.23%,33520
11/08/2019,43.75,44.15,43.4,43.7,-0.225,-0.51%,43220
11/07/2019,44,44.125,43.7,43.925,0.3,+0.69%,47560
11/06/2019,44,44,43.4,43.625,-0.475,-1.08%,52400
11/05/2019,44,44.6,43.9,44.1,0.3,+0.68%,68740
11/04/2019,43.5,43.95,43.4,43.8,0.475,+1.10%,52240
11/01/2019,43.35,43.5,42.925,43.325,0.125,+0.29%,56800
10/31/2019,42.75,43.25,42.25,43.2,0.3,+0.70%,74200
10/30/2019,42.8,43.05,42.45,42.9,-0.2,-0.46%,43080
10/29/2019,42.55,43.25,42.45,43.1,0.55,+1.29%,58100
10/28/2019,42.35,43,42.35,42.55,0.25,+0.59%,35900
10/25/2019,42.1,42.65,42.05,42.3,0.05,+0.12%,35600
10/24/2019,42.85,42.85,42.05,42.25,-0.55,-1.29%,47080
10/23/2019,42.8,43.15,42.6,42.8,0.15,+0.35%,64740
10/22/2019,41.65,43.118,41.275,42.65,1.2,+2.90%,96960
10/21/2019,41,42.05,40.95,41.45,0.7,+1.72%,76380
10/18/2019,40.6,41,40.5,40.75,-0.1,-0.24%,49680
10/17/2019,40.45,40.85,40.3,40.85,0.55,+1.36%,48380
10/16/2019,40.1,40.5,39.8,40.3,0.15,+0.37%,29700
10/15/2019,39.8,40.4,39.8,40.15,0.375,+0.94%,32020
10/14/2019,39.85,40.025,39.7,39.775,-0.2,-0.50%,23220
10/11/2019,39.95,40.55,39.55,39.975,0.425,+1.07%,40720
10/10/2019,39.8,40.05,39.5,39.55,-0.15,-0.38%,28820
10/09/2019,39.7,39.9,39.3195,39.7,0.25,+0.63%,30780
10/08/2019,39.75,39.75,39.3,39.45,-0.55,-1.38%,37800
10/07/2019,40,40.35,39.7,40,-0.15,-0.37%,65000
10/04/2019,39.65,40.25,39.575,40.15,0.5,+1.26%,29700
10/03/2019,40,40.05,39.55,39.65,-0.65,-1.61%,55480
10/02/2019,40.25,40.4,39.9,40.3,0.15,+0.37%,54380
10/01/2019,41.2,41.65,39.9,40.15,-0.6,-1.47%,87140
09/30/2019,41.05,41.25,40.7,40.75,-0.275,-0.67%,42960
09/27/2019,41.2,41.6,40.7,41.025,0.2,+0.49%,52060
09/26/2019,41.25,41.55,40.75,40.825,-0.675,-1.63%,46420
09/25/2019,40.8,41.65,40.7,41.5,0.8,+1.97%,83020
09/24/2019,41.2,41.275,40.6,40.7,-0.45,-1.09%,54980
09/23/2019,41.1,41.5,40.85,41.15,-0.15,-0.36%,49180
09/20/2019,41.25,41.5,40.65,41.3,0.2,+0.49%,155740
09/19/2019,41.55,42.15,41,41.1,-0.45,-1.08%,57900
09/18/2019,41.55,42.4,41.5,41.55,-0.05,-0.12%,70380
09/17/2019,41.35,41.7,41.025,41.6,-0.05,-0.12%,55520
09/16/2019,41.25,42.25,40.8055,41.65,-0.05,-0.12%,67420
09/13/2019,41.25,42.075,41.15,41.7,0.75,+1.83%,69100
09/12/2019,40,41.1,39.6,40.95,0.8,+1.99%,64340
09/11/2019,39.35,40.4,39.1,40.15,0.8,+2.03%,113400
09/10/2019,39.05,39.5,38.7,39.35,0.45,+1.16%,54080
09/09/2019,38.3,39.2,38.2,38.9,0.75,+1.97%,44540
09/06/2019,38.45,38.6,38.1,38.15,-0.15,-0.39%,28020
09/05/2019,38.15,39.2,38.1,38.3,0.25,+0.66%,63080
09/04/2019,38.15,38.3,37.8,38.05,0.15,+0.40%,47420
09/03/2019,38.1,38.15,37.55,37.9,-0.45,-1.17%,47620
08/30/2019,38.45,38.7,38,38.35,0,0.00%,41280
08/29/2019,38,38.55,38,38.35,0.5,+1.32%,38160
08/28/2019,37.4,38.25,37.4,37.85,0.45,+1.20%,25060
08/27/2019,38.2,38.2,37.25,37.4,-0.7,-1.84%,55100
08/26/2019,38,38.25,37.8,38.1,0.4,+1.06%,41220
08/23/2019,38.55,38.6,37.5,37.7,-0.85,-2.20%,62880
08/22/2019,38.7,39.05,38.45,38.55,-0.05,-0.13%,31900
08/21/2019,38.5,38.7495,38.25,38.6,0.3,+0.78%,36700
08/20/2019,38.45,38.7,38.1,38.3,-0.45,-1.16%,29460
08/19/2019,39,39.05,38.65,38.75,0.05,+0.13%,26460
08/16/2019,38.4,38.8,38.35,38.7,0.5,+1.31%,54440
08/15/2019,38.3,38.9,38.1,38.2,-0.15,-0.39%,17860
08/14/2019,38.75,38.891,38,38.35,-1.05,-2.66%,53480
08/13/2019,39.05,39.75,39.05,39.4,0.25,+0.64%,21380
08/12/2019,38.8,39.3,38.75,39.15,0,0.00%,92760
08/09/2019,39.1,39.3,38.8,39.15,0,0.00%,74180
08/08/2019,38.9,39.6,38.9,39.15,0.25,+0.64%,67220
08/07/2019,38.85,39.025,38.203,38.9,-0.2,-0.51%,39580
08/06/2019,38.75,39.35,38.45,39.1,0.35,+0.90%,56460
08/05/2019,38.95,39.25,37.95,38.75,-0.65,-1.65%,67160
08/02/2019,39.55,39.65,39,39.4,0,0.00%,28000
08/01/2019,40.5,40.95,39.25,39.4,-1.1,-2.72%,66800
07/31/2019,40.75,41.15,40.5,40.5,-0.25,-0.61%,61700
07/30/2019,40.15,40.875,40,40.75,0.55,+1.37%,51260
07/29/2019,40.3,40.82,40.1,40.2,-0.1,-0.25%,41760
07/26/2019,39.9,40.45,39.65,40.3,0.5,+1.26%,70580
07/25/2019,40.25,40.4,39.45,39.8,-0.3,-0.75%,65100
07/24/2019,38.2,40.15,38.2,40.1,1.55,+4.02%,85980
07/23/2019,40.85,41.25,38.25,38.55,-2.45,-5.98%,76380
07/22/2019,40.95,41.05,40.5,41,0.15,+0.37%,39060
07/19/2019,40.65,41.1,40.65,40.85,-0.05,-0.12%,51060
07/18/2019,40.65,41.25,40.25,40.9,0.35,+0.86%,41620
07/17/2019,40.75,40.975,40.5,40.55,-0.3,-0.73%,46280
07/16/2019,40.5,40.85,40.2,40.85,0.4,+0.99%,38980
07/15/2019,40.75,41,40.25,40.45,-0.3,-0.74%,34860
07/12/2019,40.25,40.75,40.25,40.75,0.3,+0.74%,44700
07/11/2019,40.15,40.5,39.9,40.45,0.35,+0.87%,62380
07/10/2019,40.05,40.25,40,40.1,0.1,+0.25%,60720
07/09/2019,39.75,40.1,39.7,40,0.25,+0.63%,67740
07/08/2019,39.45,39.85,39.35,39.75,0.2,+0.51%,50740
07/05/2019,39.5,39.75,39.2,39.55,0.25,+0.64%,41000
07/03/2019,39.2,39.4,39.05,39.3,0.05,+0.13%,18040
07/02/2019,40,40.1,38.925,39.25,-0.65,-1.63%,36880
07/01/2019,39.95,40.35,39.6845,39.9,0.3,+0.76%,76980
06/28/2019,39.1,39.8,39,39.6,0.55,+1.41%,117539
06/27/2019,37.95,39.1,37.95,39.05,1.25,+3.31%,52180
06/26/2019,37.85,38.375,37.75,37.8,0,0.00%,68560
06/25/2019,37.7,38.05,37.3,37.8,0.1,+0.27%,54500
06/24/2019,37.85,38.25,37.65,37.7,-0.1,-0.26%,42960
06/21/2019,37.45,38.1,37.45,37.8,0.2,+0.53%,81560
06/20/2019,37.65,37.8,37.25,37.6,-0.05,-0.13%,41540
06/19/2019,37.75,38.0985,37.55,37.65,-0.1,-0.26%,73740
06/18/2019,37.3,38.15,37.3,37.75,0.4,+1.07%,55520
06/17/2019,38.15,38.3,37.35,37.35,-0.85,-2.23%,48400
06/14/2019,37.85,38.433,37.65,38.2,0.5,+1.33%,36600
06/13/2019,37.3,37.9,37.25,37.7,0.45,+1.21%,36060
06/12/2019,37.6,38,37.2,37.25,-0.5,-1.32%,41320
06/11/2019,37.75,38,37.4,37.75,0.1,+0.27%,34080
06/10/2019,37.45,37.9,36.85,37.65,0.55,+1.48%,30880
06/07/2019,37.2,37.3,36.85,37.1,-0.15,-0.40%,23700
06/06/2019,37.4,37.7,36.75,37.25,-0.4,-1.06%,31660
06/05/2019,37.85,38,37.35,37.65,-0.25,-0.66%,32480
06/04/2019,37.5,37.95,37.3,37.9,0.9,+2.43%,35520
06/03/2019,36.95,37.35,36.6,37,0.1,+0.27%,40640
05/31/2019,36.85,37.1,36.65,36.9,-0.4,-1.07%,47100
05/30/2019,38.15,38.25,37.05,37.3,-0.75,-1.97%,30500
05/29/2019,38.15,38.225,37.6,38.05,-0.25,-0.65%,30960
05/28/2019,38.35,38.45,38.15,38.3,-0.05,-0.13%,25520
05/24/2019,37.95,38.45,37.95,38.35,0.55,+1.46%,20240
05/23/2019,38.2,38.2,37.6,37.8,-0.7,-1.82%,45400
05/22/2019,38.6,38.7,38.275,38.5,-0.35,-0.90%,24260
05/21/2019,38.95,39.05,38.75,38.85,-0.05,-0.13%,28700
05/20/2019,38.2,39.2,38.2,38.9,0.45,+1.17%,17480
05/17/2019,38.6,39.15,38.4,38.45,-0.55,-1.41%,38080
05/16/2019,38.55,39.2,38.55,39,0.45,+1.17%,26240
05/15/2019,38.65,38.85,38.05,38.55,-0.4,-1.03%,28060
05/14/2019,38.6,39.2,38.35,38.95,0.35,+0.91%,27680
05/13/2019,39.3,39.45,38.5,38.6,-1.15,-2.89%,35000
05/10/2019,39.75,39.85,39.15,39.75,-0.15,-0.38%,35380
05/09/2019,39.65,39.95,39.4,39.9,0.3,+0.76%,20940
05/08/2019,40.4,40.55,39.6,39.6,-0.8,-1.98%,38880
05/07/2019,40.75,40.95,40.1,40.4,-0.7,-1.70%,29920
05/06/2019,40.45,41.25,40.425,41.1,0.4,+0.98%,44120
05/03/2019,40.4,41,40.25,40.7,0.6,+1.50%,43240
05/02/2019,39.6,40.45,39.6,40.1,0.4,+1.01%,40480
05/01/2019,40,40.2,39.6,39.7,-0.3,-0.75%,111980
04/30/2019,40.1,40.3,39.75,40,0,0.00%,47220
04/29/2019,39.8,40.45,39.75,40,0.35,+0.88%,56960
04/26/2019,39.05,39.85,39.05,39.65,0.65,+1.67%,28660
04/25/2019,39.3,39.5,38.7,39,-0.55,-1.39%,27040
04/24/2019,38.45,39.7,38.45,39.55,1.05,+2.73%,47120
04/23/2019,38.95,39.05,38,38.5,-0.8,-2.04%,111340
04/22/2019,39.85,40,38.9,39.3,-0.7,-1.75%,27700
04/18/2019,40.65,41.2,39.85,40,-0.8,-1.96%,29520
04/17/2019,40.5,41.05,40.2,40.8,0.25,+0.62%,58060
04/16/2019,39.8,40.55,39.7,40.55,0.8,+2.01%,23600
04/15/2019,40.2,40.2,39.525,39.75,-0.3,-0.75%,19640
04/12/2019,40.4,40.65,39.7,40.05,0,0.00%,30140
04/11/2019,40.05,40.35,39.8015,40.05,-0.05,-0.12%,19140
04/10/2019,39,40.275,39,40.1,1.1,+2.82%,77040
04/09/2019,39.45,39.55,38.95,39,-0.4,-1.02%,35780
04/08/2019,39.35,39.6,39.1,39.4,0,0.00%,41640
04/05/2019,39.5,39.6,39.15,39.4,-0.05,-0.13%,42940
04/04/2019,39,39.55,38.85,39.45,0.5,+1.28%,23060
04/03/2019,39.5,39.5,38.9,38.95,-0.15,-0.38%,25760
04/02/2019,39.4,39.4,38.95,39.1,-0.2,-0.51%,71580
04/01/2019,38.9,39.5,38.8,39.3,0.5,+1.29%,46760
03/29/2019,39,39,38.1,38.8,0.1,+0.26%,65720
03/28/2019,38.45,38.75,38.2,38.7,0.25,+0.65%,30620
03/27/2019,38.25,38.85,38,38.45,0.15,+0.39%,69700
03/26/2019,37.65,38.35,37.6,38.3,0.75,+2.00%,50740
03/25/2019,37.5,37.95,37.15,37.55,0,0.00%,38620
03/22/2019,39.15,39.4,37.35,37.55,-1.85,-4.70%,88300
03/21/2019,39.15,40.05,39,39.4,0.05,+0.13%,52020
03/20/2019,40.1,40.3,38.95,39.35,-0.8,-1.99%,68700
03/19/2019,41.45,41.5,40.1,40.15,-1.2,-2.90%,57600
03/18/2019,41.15,41.8,41.1,41.35,0.25,+0.61%,66180
03/15/2019,41.35,41.75,41.05,41.1,-0.3,-0.72%,125920
03/14/2019,41.15,41.65,41,41.4,0.25,+0.61%,26320
03/13/2019,41.65,41.8,41.15,41.15,-0.35,-0.84%,44520
03/12/2019,41.45,41.6,40.9,41.5,0.1,+0.24%,44680
03/11/2019,40.3,41.55,40.25,41.4,0.9,+2.22%,49280
03/08/2019,39.75,40.7,39.65,40.5,0.7,+1.76%,40280
03/07/2019,40.75,40.773,39.7,39.8,-0.9,-2.21%,70680
03/06/2019,41.55,41.65,40.5,40.7,-0.75,-1.81%,56540
03/05/2019,42.05,42.05,41.325,41.45,-0.6,-1.43%,39620
03/04/2019,42.1,42.3,41.6,42.05,0,0.00%,63280
03/01/2019,42.6,42.7,41.75,42.05,-0.3,-0.71%,34220
02/28/2019,42.25,42.55,42,42.35,-0.2,-0.47%,32880
02/27/2019,42.15,42.6,42,42.55,0.4,+0.95%,28360
02/26/2019,42.55,42.55,42.05,42.15,-0.4,-0.94%,36960
02/25/2019,43.15,43.2,42.45,42.55,-0.45,-1.05%,45380
02/22/2019,42.75,43.075,42.625,43,0.25,+0.58%,39120
02/21/2019,42.5,42.9,42.075,42.75,0.35,+0.83%,69840
02/20/2019,41.55,42.7,41.45,42.4,0.8,+1.92%,79220
02/19/2019,40.9,41.85,39.45,41.6,0.5,+1.22%,54580
02/15/2019,40.6,41.3,40.45,41.1,0.75,+1.86%,67740
02/14/2019,40.3,40.75,40.05,40.35,-0.1,-0.25%,46560
02/13/2019,40.3,40.5,39.8,40.45,0.35,+0.87%,57620
02/12/2019,40.45,40.55,40.05,40.1,-0.35,-0.87%,37660
02/11/2019,40.05,40.5,39.8,40.45,0.4,+1.00%,29080
02/08/2019,39.9,40.05,39.55,40.05,0.05,+0.13%,25420
02/07/2019,39.55,40.25,39.55,40,0.25,+0.63%,38160
02/06/2019,39.55,39.9,39.3,39.75,0.2,+0.51%,19600
02/05/2019,39.65,39.8,39.25,39.55,-0.05,-0.13%,41420
02/04/2019,39.15,39.85,39,39.6,0.4,+1.02%,45880
02/01/2019,38.8,39.3,38.8,39.2,0.4,+1.03%,40480
01/31/2019,38.9,39.05,38.55,38.8,-0.15,-0.39%,54280
01/30/2019,38.9,39.25,38.75,38.95,0.05,+0.13%,40960
01/29/2019,38.75,39.1,38.75,38.9,0.2,+0.52%,40240
01/28/2019,39.35,39.45,38.55,38.7,-0.85,-2.15%,55920
01/25/2019,39.85,39.85,39.3,39.55,-0.15,-0.38%,26100
01/24/2019,39.75,40,39.45,39.7,-0.05,-0.13%,40820
01/23/2019,38.75,39.9,38.5,39.75,1.05,+2.71%,64580
01/22/2019,38.65,39,38.3,38.7,-0.05,-0.13%,41880
01/18/2019,38.7,39.1,38.3,38.75,0.1,+0.26%,44560
01/17/2019,37.95,38.7,37.2,38.65,0.55,+1.44%,88900
01/16/2019,37.55,38.15,37.55,38.1,0.7,+1.87%,52060
01/15/2019,37.3,37.45,36.7,37.4,0.1,+0.27%,43180
01/14/2019,37.05,37.55,36.95,37.3,0.15,+0.40%,43440
01/11/2019,36.65,37.15,36.55,37.15,0.35,+0.95%,56480
01/10/2019,36.55,36.95,36.475,36.8,0.15,+0.41%,36780
01/09/2019,36.9,37.15,36.55,36.65,-0.15,-0.41%,30920
01/08/2019,36.4,37.1,36.05,36.8,0.4,+1.10%,46620
01/07/2019,35.6,36.45,35.3,36.4,0.75,+2.10%,60620
01/04/2019,34.65,35.75,34.45,35.65,1.1,+3.18%,56720
01/03/2019,34.75,35,34.3,34.55,-0.25,-0.72%,50920
01/02/2019,34,35,33.85,34.8,0.5,+1.46%,61260
12/31/2018,34.45,34.85,33.55,34.3,-0.15,-0.44%,66760
12/28/2018,33.95,34.75,33.65,34.45,0.5,+1.47%,65360
12/27/2018,33.35,33.95,32.8,33.95,0.1,+0.30%,64960
12/26/2018,33,33.95,32.8,33.85,1,+3.04%,67020
12/24/2018,33.15,33.75,32.8,32.85,-0.55,-1.65%,31580
12/21/2018,33.4,33.65,32.8,33.4,0.1,+0.30%,135820
12/20/2018,32.85,33.7,32.85,33.3,0.65,+1.99%,60540
12/19/2018,34.5,34.65,32.55,32.65,-1.85,-5.36%,90540
12/18/2018,34.7,35.05,34.4,34.5,0,0.00%,50960
12/17/2018,35.25,35.55,34.4,34.5,-0.8,-2.27%,86560
12/14/2018,34.75,35.85,34.75,35.3,0.05,+0.14%,54620
12/13/2018,35.8,36,34.9,35.25,-0.6,-1.67%,89960
12/12/2018,35.65,36.45,35.2,35.85,0.55,+1.56%,60260
12/11/2018,35.85,36.05,35.05,35.3,0,0.00%,56300
12/10/2018,36.35,36.65,35,35.3,-0.85,-2.35%,151040
12/07/2018,36.65,37.05,35.65,36.15,-0.5,-1.36%,68020
12/06/2018,36.2,36.65,35.75,36.65,-0.2,-0.54%,46200
12/04/2018,38.95,39,36.7,36.85,-2.35,-5.99%,69560
12/03/2018,39.1,39.6,38.6,39.2,-0.25,-0.63%,34860
11/30/2018,38.65,39.6,38.05,39.45,0.6,+1.54%,68220
11/29/2018,38.7,39.075,38.35,38.85,0.05,+0.13%,34040
11/28/2018,38.4,39,37.65,38.8,0.6,+1.57%,40760
11/27/2018,38.6,38.7,38,38.2,-0.45,-1.16%,25220
11/26/2018,38.7,39.1,38.45,38.65,0.25,+0.65%,42820
11/23/2018,38.05,38.8,38.05,38.4,0.05,+0.13%,20260
11/21/2018,38.4,39,38.1,38.35,0.05,+0.13%,20580
11/20/2018,38.8,38.95,38.15,38.3,-0.65,-1.67%,41920
11/19/2018,39.1,39.4,38.65,38.95,-0.2,-0.51%,33000
11/16/2018,39.25,39.3,38.725,39.15,-0.1,-0.25%,123420
11/15/2018,38.2,39.525,38.2,39.25,0.85,+2.21%,38320
11/14/2018,39.25,39.4,38.1,38.4,-0.65,-1.66%,44980
11/13/2018,38.9,39.6,38.9,39.05,0.1,+0.26%,40740
11/12/2018,39.1,39.7,38.9,38.95,-0.3,-0.76%,34900
11/09/2018,39.85,39.9,38.95,39.25,-0.65,-1.63%,36260
11/08/2018,40.95,40.95,39.5,39.9,-1,-2.44%,52280
11/07/2018,39.7,40.9,39.3,40.9,1.25,+3.15%,158900
11/06/2018,38.4,39.75,38.3,39.65,1.3,+3.39%,64180
11/05/2018,38.15,38.55,38.05,38.35,0.2,+0.52%,49840
11/02/2018,37.85,38.2,37.65,38.15,0.6,+1.60%,42440
11/01/2018,37.85,37.9,37.4,37.55,0.1,+0.27%,39520
10/31/2018,38.25,38.45,37.4,37.45,-0.6,-1.58%,54060
10/30/2018,37.6,38.15,37.5,38.05,0.5,+1.33%,37380
10/29/2018,37.2,37.9,36.9,37.55,0.75,+2.04%,43020
10/26/2018,36.7,37.2,36.325,36.8,-0.2,-0.54%,46500
10/25/2018,36.8,37.3,36.625,37,0.35,+0.95%,53380
10/24/2018,38,38,36.55,36.65,-1.25,-3.30%,62340
10/23/2018,37.5,38.4,37.25,37.9,0.05,+0.13%,42740
10/22/2018,38.35,38.525,37.6,37.85,-0.4,-1.05%,60380
10/19/2018,38.5,38.9,37.95,38.25,-0.4,-1.03%,44500
10/18/2018,39.25,39.65,38.55,38.65,-0.6,-1.53%,52580
10/17/2018,39.2,39.6,38.6,39.25,-0.15,-0.38%,51560
10/16/2018,39.3,39.425,38.5,39.4,0.1,+0.25%,60620
10/15/2018,39,39.55,38.5,39.3,0.55,+1.42%,72700
10/12/2018,40.45,40.45,38.3,38.75,-1.2,-3.00%,85080
10/11/2018,40.95,41.15,39.9,39.95,-1.2,-2.92%,81600
10/10/2018,41.7,42.2,41.05,41.15,-0.5,-1.20%,70060
10/09/2018,41.45,42,41.25,41.65,0.15,+0.36%,50940
10/08/2018,41.15,41.7,41,41.5,0.5,+1.22%,32720
10/05/2018,41.65,41.75,40.8,41,-0.55,-1.32%,29800
10/04/2018,41.95,42.4,41.35,41.55,-0.5,-1.19%,37640
10/03/2018,41.45,42.3,41.25,42.05,0.75,+1.82%,38020
10/02/2018,41.7,41.7,41.15,41.3,-0.15,-0.36%,29640
10/01/2018,42.65,42.65,41.3,41.45,-1.05,-2.47%,49640
09/28/2018,41.75,42.75,41.75,42.5,0.75,+1.80%,75120
09/27/2018,42.25,42.25,41.75,41.75,0,0.00%,42500
09/26/2018,42.75,42.75,41.75,41.75,-0.75,-1.76%,59220
09/25/2018,42.5,43,42.5,42.5,0,0.00%,36160
09/24/2018,43,43.25,42.5,42.5,-0.75,-1.73%,49700
09/21/2018,43,43.375,42.75,43.25,0.25,+0.58%,137840
09/20/2018,42.5,43,42.5,43,0.5,+1.18%,71920
09/19/2018,42.75,43.25,42.5,42.5,-0.25,-0.58%,156720
09/18/2018,44,44,42.75,42.75,-1.25,-2.84%,63360
09/17/2018,44.25,44.5,43.75,44,0,0.00%,30540
09/14/2018,43.75,44.5,43.5,44,0,0.00%,49540
09/13/2018,44.75,44.75,43.75,44,-0.25,-0.56%,52440
09/12/2018,45,45.35,44.25,44.25,-1.25,-2.75%,59120
09/11/2018,45.5,45.75,45.25,45.5,0,0.00%,41660
09/10/2018,46,46,45.25,45.5,0,0.00%,38700
09/07/2018,45.75,45.75,45.25,45.5,-0.375,-0.82%,48660
09/06/2018,46,46,45.75,45.875,-0.125,-0.27%,39740
09/05/2018,46.5,46.625,46,46,-0.5,-1.08%,69380
09/04/2018,46,46.625,46,46.5,0.25,+0.54%,101880
08/31/2018,46,46.375,45.75,46.25,0.125,+0.27%,58100
08/30/2018,46.25,46.25,45.75,46.125,0.375,+0.82%,45220
08/29/2018,46,46,45.5,45.75,0,0.00%,41660
08/28/2018,46.5,46.5,45.75,45.75,-0.75,-1.61%,69820
08/27/2018,46.75,47,46.5,46.5,-0.5,-1.06%,39820
08/24/2018,47,47.25,46.5,47,0,0.00%,53600
08/23/2018,47,47.25,46.75,47,-0.25,-0.53%,31720
08/22/2018,46.5,47.25,46.375,47.25,0.75,+1.61%,73480
08/21/2018,46.25,46.75,46,46.5,0.25,+0.54%,79540
08/20/2018,46.25,46.5,46,46.25,0,0.00%,63140
08/17/2018,46.25,46.5,46,46.25,-0.25,-0.54%,333700
08/16/2018,46.25,46.5,46,46.5,0.5,+1.09%,71860
08/15/2018,46.25,46.625,45.75,46,-0.5,-1.08%,61780
08/14/2018,45.75,46.5,45.75,46.5,0.75,+1.64%,69220
08/13/2018,46,46.25,45.6,45.75,-0.5,-1.08%,75960
08/10/2018,46,46.25,45.5,46.25,0.25,+0.54%,47720
08/09/2018,46,46,45.5,46,0,0.00%,44460
08/08/2018,45.75,46,45.5,46,0.5,+1.10%,23320
08/07/2018,46,46,45.5,45.5,-0.5,-1.09%,25020
08/06/2018,45.5,46,45.5,46,0.5,+1.10%,32240
08/03/2018,46.25,46.25,45.5,45.5,-0.5,-1.09%,48140
08/02/2018,45.5,46.25,45.5,46,0.25,+0.55%,40220
08/01/2018,45.75,46,45.25,45.75,0.25,+0.55%,43900
07/31/2018,45.5,45.75,45.25,45.5,0.25,+0.55%,49780
07/30/2018,45.75,46,45.25,45.25,-0.5,-1.09%,31560
07/27/2018,46.25,47,45.5,45.75,-0.5,-1.08%,69080
07/26/2018,45.75,46.5,45.6,46.25,0.5,+1.09%,60980
07/25/2018,45.25,46,44.75,45.75,0.5,+1.10%,125500
07/24/2018,45,45.5,44.75,45.25,0,0.00%,40660
07/23/2018,45,45.5,45,45.25,0,0.00%,38200
07/20/2018,44.75,45.5,44.75,45.25,0.5,+1.12%,60200
07/19/2018,44.75,45.25,44.5,44.75,-0.25,-0.56%,87580
07/18/2018,44.75,45,44.25,45,0.25,+0.56%,36820
07/17/2018,44.75,45.05,44.625,44.75,0,0.00%,30800
07/16/2018,44.75,45,44.5,44.75,0.25,+0.56%,38740
07/13/2018,44.75,45.125,44.5,44.5,-0.25,-0.56%,25860
07/12/2018,45,45.25,44.5,44.75,-0.5,-1.10%,54760
07/11/2018,45,45.75,45,45.25,0,0.00%,55540
07/10/2018,46.25,46.5,45.25,45.25,-1,-2.16%,41940
07/09/2018,45.75,46.25,45.5,46.25,0.5,+1.09%,56640
07/06/2018,45.5,45.75,45.25,45.75,0.5,+1.10%,39580
07/05/2018,45,45.5,44.5,45.25,0.5,+1.12%,70380
07/03/2018,45.5,45.5,44.75,44.75,-0.75,-1.65%,25360
07/02/2018,44.75,45.5,44.5,45.5,1,+2.25%,75240
06/29/2018,44.75,45.225,44.5,44.5,0,0.00%,99620
06/28/2018,44.75,45.25,44.5,44.5,0,0.00%,47600
06/27/2018,46,46,44.5,44.5,-1.5,-3.26%,95920
06/26/2018,46,46.25,45.5,46,0,0.00%,55960
06/25/2018,45.75,46.25,45.25,46,0.5,+1.10%,78680
06/22/2018,46,46.25,45.25,45.5,-0.25,-0.55%,230240
06/21/2018,46.5,46.5,45.5,45.75,-0.5,-1.08%,76340
06/20/2018,45.25,46.75,45.125,46.25,1,+2.21%,111240
06/19/2018,44.5,45.5,44.25,45.25,0.75,+1.69%,79680
06/18/2018,44,44.5,43.75,44.5,0.25,+0.56%,49000
06/15/2018,43.5,44.5,43.275,44.25,0.25,+0.57%,122240
06/14/2018,44.25,44.275,43.5,44,0,0.00%,51980
06/13/2018,44,44.5,43.75,44,0,0.00%,63080
06/12/2018,44.75,45,43.75,44,-0.5,-1.12%,42460
06/11/2018,45,45.5,44.25,44.5,-0.5,-1.11%,39140
06/08/2018,45.25,45.5,45,45,0,0.00%,27020
06/07/2018,45.5,45.5,45,45,-0.125,-0.28%,31220
06/06/2018,44.75,45.25,44.75,45.125,0.375,+0.84%,44780
06/05/2018,44.5,45,44.25,44.75,0.25,+0.56%,51860
06/04/2018,44,44.75,43.75,44.5,0.5,+1.14%,53780
06/01/2018,43.75,44,43.5,44,0.5,+1.15%,74020
05/31/2018,44,44.25,43.5,43.5,-0.75,-1.69%,49100
05/30/2018,44,44.25,43.875,44.25,0.625,+1.43%,45620
05/29/2018,44,44.125,43,43.625,-0.625,-1.41%,64120
05/25/2018,43.75,44.25,43.75,44.25,0.5,+1.14%,25480
05/24/2018,44,44.25,43.625,43.75,-0.5,-1.13%,42380
05/23/2018,44.25,44.5,43.875,44.25,0,0.00%,34480
05/22/2018,44,44.75,43.75,44.25,0.25,+0.57%,83640
05/21/2018,43.75,44.5,43.75,44,0.25,+0.57%,70880
05/18/2018,44,44.25,43.75,43.75,-0.25,-0.57%,43340
05/17/2018,43.75,44.5,43.75,44,0.25,+0.57%,75520
05/16/2018,43.25,44.25,43.125,43.75,0.75,+1.74%,78880
05/15/2018,43,43.5,43,43,0,0.00%,64800
05/14/2018,43.75,43.75,43,43,-0.75,-1.71%,86540
05/11/2018,43.75,44,43.25,43.75,0,0.00%,36780
05/10/2018,44,44,43.5,43.75,0,0.00%,56260
05/09/2018,43.75,44,43.25,43.75,0.25,+0.57%,45680
05/08/2018,43.25,44,43.25,43.5,0.25,+0.58%,28820
05/07/2018,43.5,43.75,43.25,43.25,-0.25,-0.57%,31520
05/04/2018,42.75,44,42.5,43.5,0.75,+1.75%,28200
05/03/2018,42.75,43.5,42.75,42.75,-0.5,-1.16%,42320
05/02/2018,43,44,42.75,43.25,0,0.00%,87100
05/01/2018,43,43.25,42,43.25,0.5,+1.17%,44100
04/30/2018,43.5,43.5,42.5,42.75,-0.75,-1.72%,53060
04/27/2018,43,43.75,43,43.5,0.25,+0.58%,47400
04/26/2018,43,43.5,43,43.25,0.25,+0.58%,41600
04/25/2018,43.5,43.5,43,43,-0.5,-1.15%,53340
04/24/2018,43.25,44,43,43.5,-0.25,-0.57%,64320
04/23/2018,43.75,44,43.5,43.75,0.25,+0.57%,71900
04/20/2018,43.25,43.875,43.25,43.5,0,0.00%,64400
04/19/2018,43,44,43,43.5,0.25,+0.58%,50220
04/18/2018,43.5,43.75,43.25,43.25,0,0.00%,47080
04/17/2018,43.5,44,43.1,43.25,0,0.00%,47080
04/16/2018,43.25,43.5,43,43.25,0,0.00%,36380
04/13/2018,43.75,43.75,42.75,43.25,-0.25,-0.57%,31720
04/12/2018,43,44,43,43.5,0.5,+1.16%,57940
04/11/2018,43,43.25,42.5,43,0,0.00%,58900
04/10/2018,43,43.25,42.45,43,0.25,+0.58%,102580
04/09/2018,42.75,43.25,42.25,42.75,0.5,+1.18%,103800
04/06/2018,43,43.25,41.75,42.25,-1,-2.31%,57220
04/05/2018,43,43.5,42.25,43.25,0.25,+0.58%,114720
04/04/2018,42.25,43,42,43,0.5,+1.18%,29600
04/03/2018,42.25,42.75,41.875,42.5,0.5,+1.19%,50080
04/02/2018,42.5,42.625,41.5,42,-0.25,-0.59%,70940
03/29/2018,43.25,43.25,42,42.25,-1,-2.31%,66300
03/28/2018,42.25,43.25,42,43.25,1,+2.37%,66460
03/27/2018,42.75,43.75,42.25,42.25,-0.5,-1.17%,69340
03/26/2018,42.25,43,42,42.75,1,+2.40%,55000
03/23/2018,43.25,44.25,41.625,41.75,-1.75,-4.02%,125520
03/22/2018,44.25,44.5,43.25,43.5,-1,-2.25%,78920
03/21/2018,44.25,44.75,44,44.5,0.5,+1.14%,32320
03/20/2018,44.5,44.75,44,44,-0.75,-1.68%,72220
03/19/2018,44.75,45,44,44.75,-0.25,-0.56%,121539
03/16/2018,44.25,45,44.25,45,0.5,+1.12%,197580
03/15/2018,44.25,44.875,43.75,44.5,0.5,+1.14%,34900
03/14/2018,45,45,44,44,-0.75,-1.68%,33020
03/13/2018,45,45,44.375,44.75,0,0.00%,58480
03/12/2018,44.75,45,44,44.75,0,0.00%,51080
03/09/2018,44.5,44.75,44,44.75,0.75,+1.70%,30240
03/08/2018,44.75,44.75,43.75,44,-0.5,-1.12%,24160
03/07/2018,43.75,44.75,43.75,44.5,0.75,+1.71%,37880
03/06/2018,43.5,44,43,43.75,0.25,+0.57%,45800
03/05/2018,43.25,43.75,42.75,43.5,0,0.00%,41660
03/02/2018,42,43.5,42,43.5,1.25,+2.96%,32600
03/01/2018,42.25,43,42,42.25,-0.25,-0.59%,21540
02/28/2018,43.75,44,42.5,42.5,-1.25,-2.86%,47460
02/27/2018,44,44.5,43.5,43.75,-0.5,-1.13%,36140
02/26/2018,44.25,44.25,43.5,44.25,0,0.00%,21740
02/23/2018,43.5,44.25,43.25,44.25,0.75,+1.72%,30240
02/22/2018,44.25,44.5,43.5,43.5,-0.75,-1.69%,68900
02/21/2018,43.5,44.5,43.5,44.25,1,+2.31%,53160
02/20/2018,44.5,44.5,43.25,43.25,-1.25,-2.81%,60020
02/16/2018,43.75,44.75,43.75,44.5,0.75,+1.71%,54100
02/15/2018,44.25,44.25,43.25,43.75,-0.25,-0.57%,59200
02/14/2018,43,44,42.75,44,1,+2.33%,61340
02/13/2018,42.75,43.25,42.625,43,0,0.00%,48820
02/12/2018,43,43.5,42,43,0.25,+0.58%,59600
02/09/2018,42.5,43.5,41.5,42.75,0.625,+1.48%,125560
02/08/2018,43,43.5,42,42.125,-0.875,-2.03%,64560
02/07/2018,42,43.25,42,43,1,+2.38%,66420
02/06/2018,41.5,42.75,41.25,42,-0.25,-0.59%,142880
02/05/2018,43.25,44,42,42.25,-1,-2.31%,68960
02/02/2018,43.75,44.25,43,43.25,-0.75,-1.70%,120739
02/01/2018,43.25,44,43.125,44,1,+2.33%,67760
01/31/2018,43.25,43.75,43,43,-0.25,-0.58%,45000
01/30/2018,43.5,43.625,42.75,43.25,-0.25,-0.57%,100220
01/29/2018,44,44.375,43.25,43.5,-0.5,-1.14%,31220
01/26/2018,44,44.25,43.25,44,0,0.00%,50460
01/25/2018,44.25,44.25,43,44,0.25,+0.57%,58020
01/24/2018,45,45,43.5,43.75,-0.75,-1.69%,79340
01/23/2018,44,46,44,44.5,-1.5,-3.26%,53300
01/22/2018,45.5,46.25,45.25,46,0.25,+0.55%,48080
01/19/2018,45.25,46.25,45.25,45.75,0.25,+0.55%,79200
01/18/2018,46,46.625,45.25,45.5,-0.5,-1.09%,61140
01/17/2018,45.25,46.25,45.25,46,0.75,+1.66%,124600
01/16/2018,46,46.25,45,45.25,-0.5,-1.09%,104780
01/12/2018,45.5,45.875,45.25,45.75,0.25,+0.55%,38920
01/11/2018,45,45.5,44.75,45.5,0.75,+1.68%,41860
01/10/2018,44,45.5,44,44.75,0.5,+1.13%,48060
01/09/2018,44.5,45,43.75,44.25,0.25,+0.57%,105240
01/08/2018,44.25,44.5,43.5,44,-0.25,-0.56%,49740
01/05/2018,44.25,44.5,43.125,44.25,0.5,+1.14%,70700
01/04/2018,45.5,45.5,43.75,43.75,-1.5,-3.31%,67320
01/03/2018,45,45.25,43.75,45.25,0.75,+1.69%,129600
01/02/2018,46,46.5,44.5,44.5,-1.5,-3.26%,104480
12/29/2017,46,46.5,45.75,46,0,0.00%,70780
12/28/2017,46,46.6,46,46,-0.25,-0.54%,31780
12/27/2017,46,46.875,45.6,46.25,0.5,+1.09%,85740
12/26/2017,46,46.5,45.5,45.75,0,0.00%,22200
12/22/2017,46.75,46.75,45.75,45.75,-0.75,-1.61%,42440
12/21/2017,46.25,46.75,46,46.5,0.5,+1.09%,26160
12/20/2017,46.25,46.5,46,46,0,0.00%,47780
12/19/2017,46.25,46.75,46,46,-0.25,-0.54%,49560
12/18/2017,46.25,47.5,46,46.25,0.25,+0.54%,55300
12/15/2017,44.5,46.25,44.5,46,1.5,+3.37%,185300
12/14/2017,45.5,45.75,44,44.5,-1.25,-2.73%,61940
12/13/2017,45.5,46.125,45.25,45.75,0,0.00%,116840
12/12/2017,45,46,45,45.75,0.75,+1.67%,41320
12/11/2017,45.25,45.5,45,45,-0.25,-0.55%,29060
12/08/2017,46,46,45,45.25,-0.25,-0.55%,84660
12/07/2017,46,46.5,45.25,45.5,-0.5,-1.09%,253260
12/06/2017,46.5,46.875,46,46,-0.5,-1.08%,57000
12/05/2017,47.5,47.75,46,46.5,-1,-2.11%,67920
12/04/2017,47,48,47,47.5,1,+2.15%,118819
12/01/2017,47,47.25,44.875,46.5,-0.25,-0.53%,89420
11/30/2017,48.5,48.5,46.375,46.75,-1.75,-3.61%,70280
11/29/2017,47,48.5,46.75,48.5,1.75,+3.74%,98160
11/28/2017,45.5,47,45.25,46.75,1.25,+2.75%,79160
11/27/2017,45.25,46,45.25,45.5,0,0.00%,26600
11/24/2017,46,46.25,44.75,45.5,-0.75,-1.62%,48380
11/22/2017,46,46.25,45.75,46.25,0.25,+0.54%,48500
11/21/2017,45.75,46,45.625,46,0.25,+0.55%,48260
11/20/2017,45.5,46,45,45.75,0.75,+1.67%,110480
11/17/2017,45,45.5,44.5,45,-0.5,-1.10%,58100
11/16/2017,44.75,45.75,44.75,45.5,1.25,+2.82%,70620
11/15/2017,44.5,45,44,44.25,-0.5,-1.12%,47060
11/14/2017,44,45,44,44.75,0.25,+0.56%,39440
11/13/2017,43.5,44.75,43.25,44.5,1,+2.30%,75600
11/10/2017,43.75,44.375,43.5,43.5,-0.5,-1.14%,27040
11/09/2017,43.75,44.5,43.05,44,0,0.00%,42140
11/08/2017,44.25,45,43.75,44,-0.75,-1.68%,40720
11/07/2017,46.25,46.5,44.5,44.75,-1.75,-3.76%,129640
11/06/2017,45,46.875,44.75,46.5,1.75,+3.91%,96840
11/03/2017,45.75,45.75,44.75,44.75,-1,-2.19%,41880
11/02/2017,45,45.75,44.5,45.75,0.75,+1.67%,39080
11/01/2017,46,46.25,44.625,45,-0.875,-1.91%,40880
10/31/2017,45.5,46,45.25,45.875,0.625,+1.38%,45180
10/30/2017,46,46.25,45,45.25,-1,-2.16%,54440
10/27/2017,46.25,46.5,45.875,46.25,-0.25,-0.54%,95800
10/26/2017,46,46.5,45.75,46.5,0.5,+1.09%,55820
10/25/2017,45.5,46,45.25,46,0.5,+1.10%,52060
10/24/2017,45.5,46,44.5,45.5,0.75,+1.68%,61040
10/23/2017,46,46,44.75,44.75,-1.25,-2.72%,50060
10/20/2017,46,46.25,45.75,46,0.5,+1.10%,63200
10/19/2017,45.5,45.875,45,45.5,-0.625,-1.36%,83080
10/18/2017,45.75,46.5,45.375,46.125,0.625,+1.37%,56760
10/17/2017,46,46,45,45.5,-0.5,-1.09%,53600
10/16/2017,45.75,46,45.5,46,0.5,+1.10%,32740
10/13/2017,46,46.125,45.25,45.5,-0.25,-0.55%,58460
10/12/2017,46,46.25,45.5,45.75,0,0.00%,47900
10/11/2017,45.75,46.25,45.375,45.75,0,0.00%,62760
10/10/2017,45.5,46,44.875,45.75,0,0.00%,64340
10/09/2017,45.5,46,45.25,45.75,0.25,+0.55%,30240
10/06/2017,45.5,46,45.25,45.5,-0.25,-0.55%,66400
10/05/2017,45.5,46,45.5,45.75,0.25,+0.55%,56740
10/04/2017,45.5,46,45,45.5,-0.25,-0.55%,47460
10/03/2017,45.75,46,45,45.75,0.5,+1.10%,75980
10/02/2017,44.75,45.75,43.5,45.25,0.75,+1.69%,72500
09/29/2017,45.25,45.5,44.25,44.5,-1,-2.20%,77100
09/28/2017,44.25,45.5,43.5,45.5,1,+2.25%,101100
09/27/2017,43.5,45.125,43,44.5,1.25,+2.89%,141540
09/26/2017,41.25,43.5,41.25,43.25,1.5,+3.59%,105580
09/25/2017,41.5,42.25,41.5,41.75,-0.25,-0.60%,64780
09/22/2017,41.5,42.25,41.25,42,0.5,+1.20%,72080
09/21/2017,41.5,42.25,41.25,41.5,0,0.00%,95600
09/20/2017,41.25,41.5,40.75,41.5,0.25,+0.61%,68040
09/19/2017,40.75,41.5,40.625,41.25,0.5,+1.23%,60800
09/18/2017,40.25,40.75,40.125,40.75,0.5,+1.24%,70840
09/15/2017,40,40.25,39.5,40.25,0.25,+0.63%,133100
09/14/2017,40,40,39.5,40,0.25,+0.63%,67100
09/13/2017,39.75,40,39.5,39.75,0,0.00%,60820
09/12/2017,39,40,39,39.75,1,+2.58%,66300
09/11/2017,38.5,39.25,38.25,38.75,0.5,+1.31%,72580
09/08/2017,38,38.5,37.55,38.25,0.5,+1.32%,41820
09/07/2017,38.5,38.75,37.75,37.75,-0.75,-1.95%,41360
09/06/2017,38.5,39,38.25,38.5,0.25,+0.65%,34460
09/05/2017,39.5,39.5,38.25,38.25,-1.5,-3.77%,44360
09/01/2017,39.25,40,39.25,39.75,0.25,+0.63%,29560
08/31/2017,39.25,40,39,39.5,0.25,+0.64%,72160
08/30/2017,38.75,39.75,38.75,39.25,0.25,+0.64%,41480
08/29/2017,38.75,39.5,38.75,39,0,0.00%,49940
08/28/2017,39.75,39.75,38.75,39,-0.5,-1.27%,55260
08/25/2017,39.5,39.75,39.25,39.5,0,0.00%,39280
08/24/2017,39.75,39.75,39.25,39.5,0,0.00%,21200
08/23/2017,39,39.875,39,39.5,0.25,+0.64%,57760
08/22/2017,39,39.5,38.75,39.25,0.25,+0.64%,50720
08/21/2017,39,39.25,38.5,39,0,0.00%,39300
08/18/2017,38.25,39.5,38,39,0.25,+0.65%,352960
08/17/2017,39.25,39.5,38.5,38.75,-0.5,-1.27%,111280
08/16/2017,39,39.625,38.75,39.25,0.25,+0.64%,96120
08/15/2017,39.5,39.75,38.75,39,-0.5,-1.27%,54880
08/14/2017,39.25,39.625,38.75,39.5,0.75,+1.94%,59800
08/11/2017,39.5,39.5,38.25,38.75,-0.25,-0.64%,65140
08/10/2017,39.5,39.75,39,39,-0.75,-1.89%,45720
08/09/2017,40,40.5,39.25,39.75,-0.5,-1.24%,81900
08/08/2017,40,40.75,39.75,40.25,0.25,+0.63%,64780
08/07/2017,40,40.875,39.75,40,0,0.00%,52800
08/04/2017,40.25,40.5,40,40,0,0.00%,49680
08/03/2017,40.75,41.25,40,40,-1,-2.44%,112099
08/02/2017,41,41.25,40.25,41,0.25,+0.61%,31840
08/01/2017,41.5,41.75,40.75,40.75,-0.75,-1.81%,50100
07/31/2017,41.75,42,41,41.5,0.5,+1.22%,68000
07/28/2017,41,41.5,40.75,41,-0.25,-0.61%,68520
07/27/2017,41.25,41.75,40.75,41.25,0.5,+1.23%,68900
07/26/2017,42,42.75,40.75,40.75,-1.25,-2.98%,66760
07/25/2017,40.5,42.25,40.3,42,1.5,+3.70%,91760
07/24/2017,38.5,40.5,38.5,40.5,2.25,+5.88%,80680
07/21/2017,38.75,39,38.25,38.25,-0.5,-1.29%,37600
07/20/2017,38.5,38.75,38.25,38.75,0.25,+0.65%,37520
07/19/2017,38.25,38.75,37.75,38.5,0.25,+0.65%,57140
07/18/2017,38.25,38.5,37.75,38.25,-0.25,-0.65%,32100
07/17/2017,38.25,39,38,38.5,0,0.00%,56500
07/14/2017,38.25,38.5,38,38.5,-0.25,-0.65%,31400
07/13/2017,39.25,39.25,38.5,38.75,0,0.00%,42940
07/12/2017,38.25,39,38,38.75,0.5,+1.31%,22100
07/11/2017,38.75,38.75,38,38.25,-0.25,-0.65%,52240
07/10/2017,38.25,39.4,38.25,38.5,-0.5,-1.28%,60500
07/07/2017,38.5,39,38,39,0.75,+1.96%,49260
07/06/2017,38.25,38.9,38,38.25,-0.25,-0.65%,49540
07/05/2017,39.5,39.5,38.25,38.5,-1,-2.53%,46480
07/03/2017,38.75,39.5,38.25,39.5,0.75,+1.94%,25640
06/30/2017,38.5,38.75,37.85,38.75,0.5,+1.31%,61140
06/29/2017,38.75,38.75,37.85,38.25,-0.25,-0.65%,43460
06/28/2017,38.25,38.5,37.75,38.5,0.75,+1.99%,64540
06/27/2017,37.25,38.25,36.5,37.75,0,0.00%,41640
06/26/2017,38.5,38.5,37.5,37.75,-0.75,-1.95%,45000
06/23/2017,38,39,37.6,38.5,0.5,+1.32%,93220
06/22/2017,38,38.75,37.5,38,0,0.00%,21660
06/21/2017,38.25,38.75,38,38,-0.25,-0.65%,33720
06/20/2017,38.75,39,38.15,38.25,-0.75,-1.92%,92820
06/19/2017,39.5,39.75,38.5,39,0,0.00%,43880
06/16/2017,39.25,39.5,38.75,39,-0.5,-1.27%,95000
06/15/2017,39.5,40.25,39.5,39.5,-0.25,-0.63%,39960
06/14/2017,39.5,40,39,39.75,-0.25,-0.63%,62480
06/13/2017,39.5,40,39,40,0.75,+1.91%,62500
06/12/2017,40.25,40.5,38.75,39.25,-1,-2.48%,79460
06/09/2017,39.5,40.5,38.75,40.25,0.75,+1.90%,91720
06/08/2017,38.25,39.75,37.75,39.5,1,+2.60%,102440
06/07/2017,37,38.6,36.75,38.5,1.75,+4.76%,98960
06/06/2017,37,37.5,36.5,36.75,-0.75,-2.00%,34660
06/05/2017,37.75,37.75,37.25,37.5,0,0.00%,22000
06/02/2017,37.25,38.5,37.25,37.5,0,0.00%,55940
06/01/2017,36.75,37.75,36.75,37.5,0.75,+2.04%,44700
05/31/2017,36.75,37,36.25,36.75,-0.25,-0.68%,44960
05/30/2017,37.25,37.75,36.5,37,-0.25,-0.67%,44200
05/26/2017,37.75,38,37.25,37.25,-0.5,-1.32%,33620
05/25/2017,37.75,38,37,37.75,0,0.00%,58960
05/24/2017,38.25,38.25,37.25,37.75,-0.5,-1.31%,69480
05/23/2017,37.75,38.5,37.35,38.25,0.5,+1.32%,45020
05/22/2017,37.5,38,37.5,37.75,0.25,+0.67%,30320
05/19/2017,38,38,37.25,37.5,-0.5,-1.32%,65800
05/18/2017,37.5,38.5,37.5,38,0.25,+0.66%,70100
05/17/2017,39,39,37.5,37.75,-1.25,-3.21%,82840
05/16/2017,39.25,39.25,38.5,39,-0.25,-0.64%,45060
05/15/2017,38.75,39.25,38.75,39.25,0.5,+1.29%,34200
05/12/2017,38.75,39.5,38.25,38.75,0,0.00%,41200
05/11/2017,39.75,40.25,38,38.75,-1,-2.52%,78160
05/10/2017,40,40.25,39.75,39.75,-0.5,-1.24%,33080
05/09/2017,40.25,41,39.75,40.25,0,0.00%,63260
05/08/2017,39.75,40.5,39.5,40.25,0.5,+1.26%,39060
05/05/2017,40.25,40.5,39.75,39.75,-0.5,-1.24%,26020
05/04/2017,40.25,40.75,39.75,40.25,0,0.00%,26400
05/03/2017,39.75,40.5,39.75,40.25,0,0.00%,37240
05/02/2017,40.25,40.75,39.5,40.25,0,0.00%,66480
05/01/2017,39.75,41,39.75,40.25,0.5,+1.26%,59940
04/28/2017,40.5,40.9,39.5,39.75,-0.75,-1.85%,43220
04/27/2017,40.75,41,40.25,40.5,0,0.00%,41180
04/26/2017,40.25,41.5,40.25,40.5,0,0.00%,71700
04/25/2017,40.5,40.9,40,40.5,0.5,+1.25%,69060
04/24/2017,39.5,40.75,39.5,40,0.75,+1.91%,67520
04/21/2017,39.25,39.5,38.5,39.25,0,0.00%,59740
04/20/2017,38.75,39.25,38.25,39.25,1,+2.61%,42920
04/19/2017,38.25,38.9,38,38.25,0,0.00%,37500
04/18/2017,37.5,38.5,37.5,38.25,0,0.00%,57440
04/17/2017,37.5,38.5,37.5,38.25,0.75,+2.00%,45980
04/13/2017,38,38.25,37.25,37.5,-0.75,-1.96%,87460
04/12/2017,39,39.25,38,38.25,-0.75,-1.92%,46580
04/11/2017,38.75,39.25,38.25,39,0.25,+0.65%,85960
04/10/2017,39.25,39.75,38.5,38.75,-0.5,-1.27%,55300
04/07/2017,39.25,39.75,39,39.25,0,0.00%,63000
04/06/2017,39.25,39.75,39,39.25,0,0.00%,44860
04/05/2017,40,40.25,39,39.25,-0.5,-1.26%,94420
04/04/2017,38.75,40,38.75,39.75,1.25,+3.25%,59920
04/03/2017,39.75,39.75,38.5,38.5,-0.75,-1.91%,60700
03/31/2017,40,40,39,39.25,-0.75,-1.88%,76140
03/30/2017,39,40,38,40,1.25,+3.23%,45340
03/29/2017,38.75,39.1,38.25,38.75,0,0.00%,36060
03/28/2017,38.25,39.25,38.25,38.75,0.25,+0.65%,57360
03/27/2017,38.25,39,37.75,38.5,-0.5,-1.28%,40600
03/24/2017,38.75,39.25,38.15,39,0.25,+0.65%,54620
03/23/2017,38.25,39.25,38,38.75,0.5,+1.31%,40520
03/22/2017,38.5,38.75,37.5,38.25,-0.25,-0.65%,63560
03/21/2017,40.5,40.5,38.25,38.5,-1.75,-4.35%,71600
03/20/2017,40.5,41,39.75,40.25,-0.25,-0.62%,43200
03/17/2017,39.25,40.75,38.75,40.5,0.75,+1.89%,174400
03/16/2017,39,39.75,39,39.75,0.75,+1.92%,30520
03/15/2017,39.25,39.75,38.75,39,-0.25,-0.64%,56560
03/14/2017,39.25,39.5,38.75,39.25,0,0.00%,19760
03/13/2017,39.25,40,39,39.25,-0.25,-0.63%,17600
03/10/2017,39.75,40.1,39,39.5,0,0.00%,44680
03/09/2017,40,40.65,39.5,39.5,-0.25,-0.63%,50320
03/08/2017,41.25,41.25,39.75,39.75,-1.25,-3.05%,49660
03/07/2017,40.75,41.5,40.25,41,0,0.00%,26000
03/06/2017,41.25,41.25,40.5,41,-0.6,-1.44%,34400
03/03/2017,41.5,41.75,40.75,41.6,0.1,+0.24%,42160
03/02/2017,42.5,42.5,41.25,41.5,-1,-2.35%,33400
03/01/2017,42,42.5,41.75,42.5,0.75,+1.80%,48380
02/28/2017,42.5,42.5,41.6,41.75,-0.75,-1.76%,69860
02/27/2017,42,42.5,41.75,42.5,0.5,+1.19%,43460
02/24/2017,42.25,42.5,41.75,42,-0.75,-1.75%,39720
02/23/2017,43,43.25,42.5,42.75,-0.25,-0.58%,44540
02/22/2017,42.75,43.25,42.25,43,0,0.00%,74460
02/21/2017,42.75,43,42.5,43,0.5,+1.18%,35940
02/17/2017,42,42.5,41.75,42.5,0.5,+1.19%,77060
02/16/2017,42.25,42.5,41.5,42,-0.5,-1.18%,28860
02/15/2017,42.25,42.5,42,42.5,0.25,+0.59%,18240
02/14/2017,41.75,42.55,40.75,42.25,0.5,+1.20%,55780
02/13/2017,41.25,42,40.75,41.75,0.5,+1.21%,36900
02/10/2017,41.25,41.25,40.75,41.25,0.25,+0.61%,21340
02/09/2017,40.75,41.5,40.5,41,0.25,+0.61%,50040
02/08/2017,41,41.25,40.25,40.75,-0.25,-0.61%,34160
02/07/2017,41.25,41.25,40.5,41,0,0.00%,33720
02/06/2017,41.5,41.75,40.75,41,-0.75,-1.80%,19520
02/03/2017,41.75,42,41.25,41.75,0.75,+1.83%,37820
02/02/2017,41,41.5,40.75,41,-0.5,-1.20%,50380
02/01/2017,42,42.5,41,41.5,-0.5,-1.19%,80920
01/31/2017,41.5,42.25,41.2,42,0.25,+0.60%,65040
01/30/2017,42.5,42.65,41.6,41.75,-1.25,-2.91%,33580
01/27/2017,43.25,43.5,42.75,43,-0.25,-0.58%,33940
01/26/2017,42.75,43.5,42.25,43.25,0.5,+1.17%,81580
01/25/2017,42.75,43,42,42.75,0.25,+0.59%,40240
01/24/2017,41.5,43.25,41.2,42.5,1,+2.41%,70280
01/23/2017,41.25,41.9,40.5,41.5,-0.25,-0.60%,54820
01/20/2017,41.5,42.5,41.25,41.75,0.25,+0.60%,59820
01/19/2017,42.25,42.4,41,41.5,-0.75,-1.78%,60160
01/18/2017,41.25,42.25,41,42.25,1,+2.42%,48840
01/17/2017,42.25,42.25,41.25,41.25,-1.5,-3.51%,49760
01/13/2017,42.75,43.25,41.5,42.75,0.25,+0.59%,54420
01/12/2017,43,43.25,41.75,42.5,-0.75,-1.73%,53320
01/11/2017,43.25,43.25,42.5,43.25,0.25,+0.58%,54060
01/10/2017,42.25,43.25,42.25,43,0.5,+1.18%,52860
01/09/2017,43,43.4,41.25,42.5,-0.75,-1.73%,87480
01/06/2017,43.5,43.5,42.5,43.25,-0.25,-0.57%,62340
01/05/2017,44.5,44.5,43,43.5,-1.25,-2.79%,38120
01/04/2017,44.5,45,43.75,44.75,0.5,+1.13%,80780
01/03/2017,44.25,44.5,43.25,44.25,0.5,+1.14%,82680
12/30/2016,44,44.25,43.5,43.75,0,0.00%,61520
12/29/2016,43.5,44,43.25,43.75,0,0.00%,52240
12/28/2016,44.25,44.25,43.5,43.75,-0.25,-0.57%,31700
12/27/2016,43.5,44,43.5,44,0.25,+0.57%,39660
12/23/2016,43.5,43.75,43,43.75,0.5,+1.16%,30840
12/22/2016,43,43.5,43,43.25,0,0.00%,41860
12/21/2016,43.5,43.5,43,43.25,-0.5,-1.14%,39620
12/20/2016,43,43.75,42.5,43.75,0.75,+1.74%,60740
12/19/2016,42.75,43,41.25,43,0.75,+1.78%,96920
12/16/2016,43.25,43.5,42,42.25,-1,-2.31%,454960
12/15/2016,42,43.5,41.75,43.25,1,+2.37%,88820
12/14/2016,43,43.25,42,42.25,-0.75,-1.74%,63400
12/13/2016,42.75,43,42.25,43,0.5,+1.18%,59960
12/12/2016,44,44,42.25,42.5,-1.75,-3.95%,75440
12/09/2016,43.5,44.25,42.25,44.25,1,+2.31%,87580
12/08/2016,43.25,43.75,42.5,43.25,0.25,+0.58%,94360
12/07/2016,42.25,43,42,43,0.75,+1.78%,87080
12/06/2016,42,42.25,41.5,42.25,0.25,+0.60%,85320
12/05/2016,41.25,42,40.55,42,1,+2.44%,58220
12/02/2016,40.5,41.25,40.5,41,0.25,+0.61%,30400
12/01/2016,40.75,41.5,40,40.75,0,0.00%,82900
11/30/2016,41.75,41.75,40.25,40.75,-0.75,-1.81%,67620
11/29/2016,42.25,42.25,41.25,41.5,-0.5,-1.19%,80720
11/28/2016,41.5,42.25,41.5,42,0.25,+0.60%,47320
11/25/2016,42.25,42.25,41.5,41.75,-0.25,-0.60%,23020
11/23/2016,41.75,42.25,41,42,0.25,+0.60%,34700
11/22/2016,40.75,41.75,40.5,41.75,1,+2.45%,61760
11/21/2016,40.5,41,40.25,40.75,0,0.00%,49620
11/18/2016,40.25,40.75,39.75,40.75,0.5,+1.24%,75080
11/17/2016,40.5,40.75,39.5,40.25,0,0.00%,57880
11/16/2016,40.25,40.5,39.55,40.25,0,0.00%,63120
11/15/2016,40.5,40.75,39.75,40.25,-0.25,-0.62%,58880
11/14/2016,41.5,41.75,39.75,40.5,-1,-2.41%,110979
11/11/2016,37.5,41.5,36.25,41.5,4,+10.67%,147600
11/10/2016,36.25,37.5,35.9,37.5,1.25,+3.45%,104760
11/09/2016,34.75,36.25,34.25,36.25,1.5,+4.32%,87600
11/08/2016,34.5,34.75,33,34.75,0,0.00%,47200
11/07/2016,34.25,34.75,34,34.75,0.75,+2.21%,48740
11/04/2016,34,34.25,33.5,34,-0.25,-0.73%,31180
11/03/2016,34.25,34.65,33.75,34.25,0.25,+0.74%,31420
11/02/2016,35,35,33.75,34,-1,-2.86%,26120
11/01/2016,35.25,35.25,34.5,35,0,0.00%,40220
10/31/2016,35,35.25,34.5,35,0,0.00%,74600
10/28/2016,35,35.5,34.75,35,0,0.00%,28060
10/27/2016,35.75,36,35,35,-0.75,-2.10%,32840
10/26/2016,35.5,35.75,35.5,35.75,0,0.00%,31980
10/25/2016,35.75,36.25,34.75,35.75,-0.25,-0.69%,62700
10/24/2016,35.75,36.25,35.5,36,0.5,+1.41%,45360
10/21/2016,35,35.75,35,35.5,-0.25,-0.70%,26040
10/20/2016,35.25,35.75,35.25,35.75,0.5,+1.42%,19360
10/19/2016,35.25,35.75,35.25,35.25,0,0.00%,49860
10/18/2016,35.25,35.5,35,35.25,0.25,+0.71%,32960
10/17/2016,35,35.75,35,35,-0.25,-0.71%,23340
10/14/2016,34.9,35.45,34.9,35.25,0.6,+1.73%,34100
10/13/2016,35.05,35.1,34.6,34.65,-0.75,-2.12%,30640
10/12/2016,35,35.6,34.95,35.4,0.45,+1.29%,21740
10/11/2016,35.4,35.5,34.8,34.95,-0.5,-1.41%,18600
10/10/2016,35.25,35.7,35.25,35.45,0.25,+0.71%,27580
10/07/2016,35.25,35.3,34.8,35.2,-0.05,-0.14%,24180
10/06/2016,35.2,35.5,34.9,35.25,0.1,+0.28%,26620
10/05/2016,35.3,35.55,35,35.15,0.05,+0.14%,43020
10/04/2016,35.45,35.65,34.95,35.1,-0.1,-0.28%,28520
10/03/2016,35.55,35.6,34.9,35.2,-0.25,-0.71%,45360
09/30/2016,35.1,35.8,35.1,35.45,0.4,+1.14%,51000
09/29/2016,35.45,35.7,34.9,35.05,-0.4,-1.13%,27000
09/28/2016,35.3,35.55,35.15,35.45,0.3,+0.85%,44400
09/27/2016,35,35.45,34.95,35.15,0.2,+0.57%,39300
09/26/2016,35.55,35.6,34.9,34.95,-0.6,-1.69%,29920
09/23/2016,36,36.05,35.4,35.55,-0.6,-1.66%,42040
09/22/2016,35.55,36.15,35.55,36.15,0.6,+1.69%,46900
09/21/2016,35.3,35.6,35.2,35.55,0.25,+0.71%,31200
09/20/2016,35.3,35.4,35.05,35.3,0.25,+0.71%,21020
09/19/2016,35.25,35.45,34.85,35.05,-0.1,-0.28%,20500
09/16/2016,35.35,35.5,35.05,35.15,-0.05,-0.14%,87220
09/15/2016,34.9,35.2,34.7,35.2,0.35,+1.00%,27300
09/14/2016,35.1,35.25,34.85,34.85,-0.05,-0.14%,37020
09/13/2016,35.5,35.5,34.75,34.9,-0.85,-2.38%,29880
09/12/2016,34.65,35.8,34.35,35.75,0.9,+2.58%,35620
09/09/2016,35.65,35.75,34.8,34.85,-1,-2.79%,58120
09/08/2016,35.95,36,35.6,35.85,-0.1,-0.28%,26660
09/07/2016,35.45,36,35.45,35.95,0.35,+0.98%,46280
09/06/2016,35.7,35.85,35.25,35.6,-0.15,-0.42%,32880
09/02/2016,35.8,35.95,35.45,35.75,0.05,+0.14%,33320
09/01/2016,35.65,35.8,35.1,35.7,0,0.00%,27800
08/31/2016,35.7,35.95,35.35,35.7,-0.25,-0.70%,54220
08/30/2016,35.95,36,35.55,35.95,0.1,+0.28%,36940
08/29/2016,36.05,36.2,35.65,35.85,0.05,+0.14%,27360
08/26/2016,36.1,36.25,35.55,35.8,-0.3,-0.83%,22220
08/25/2016,35.95,36.1,35.6,36.1,0.15,+0.42%,39880
08/24/2016,35.8,35.95,35.5,35.95,0.2,+0.56%,36540
08/23/2016,35.55,35.75,35.45,35.75,0.25,+0.70%,30520
08/22/2016,34.9,35.5,34.65,35.5,0.45,+1.28%,44520
08/19/2016,35.45,35.5,34.8,35.05,-0.45,-1.27%,64920
08/18/2016,34.6,35.5,34.6,35.5,0.8,+2.31%,50980
08/17/2016,34.7,34.9,34.5,34.7,0,0.00%,23780
08/16/2016,34.65,34.85,34.55,34.7,0.05,+0.14%,31960
08/15/2016,34.8,34.95,34.35,34.65,-0.1,-0.29%,43860
08/12/2016,34.55,34.75,34.35,34.75,0.15,+0.43%,30600
08/11/2016,34.5,34.7,34.45,34.6,0.15,+0.44%,31500
08/10/2016,34.7,34.7,34.4,34.45,-0.2,-0.58%,30420
08/09/2016,34.5,34.65,34.4,34.65,0.25,+0.73%,29920
08/08/2016,34.5,34.6,34.15,34.4,-0.15,-0.43%,27880
08/05/2016,33.8,34.65,33.8,34.55,0.9,+2.67%,47980
08/04/2016,33.95,34.05,33.55,33.65,-0.2,-0.59%,23260
08/03/2016,33.95,34,33.65,33.85,-0.15,-0.44%,37300
08/02/2016,33.15,34.1,33,34,0.8,+2.41%,86520
08/01/2016,33.25,33.7,33.05,33.2,0.05,+0.15%,138000
07/29/2016,32.9,33.5,32.65,33.15,0.3,+0.91%,92340
07/28/2016,32.95,33.1,32.5,32.85,-0.1,-0.30%,50780
07/27/2016,32.9,33.1,32.7,32.95,0.1,+0.30%,43280
07/26/2016,32.8,33.2,32.7,32.85,0,0.00%,52320
07/25/2016,32.85,33.1,32.5,32.85,-0.1,-0.30%,26120
07/22/2016,32.75,33.05,32.7,32.95,0.2,+0.61%,68700
07/21/2016,33.15,33.3,32.7,32.75,-0.5,-1.50%,54840
07/20/2016,33.3,33.45,32.9,33.25,0.15,+0.45%,18420
07/19/2016,33.1,33.6,33,33.1,-0.25,-0.75%,29860
07/18/2016,33.45,33.7,33.3,33.35,-0.15,-0.45%,28260
07/15/2016,33.35,33.6,33.15,33.5,0.35,+1.06%,39260
07/14/2016,33.3,33.5,33.05,33.15,0.1,+0.30%,43880
07/13/2016,32.95,33.15,32.7,33.05,0.2,+0.61%,51620
07/12/2016,32.55,33.2,32.3,32.85,0.35,+1.08%,76040
07/11/2016,32.1,32.65,32.1,32.5,0.6,+1.88%,48220
07/08/2016,31.85,32.15,31.6,31.9,0.35,+1.11%,43900
07/07/2016,31.35,31.75,31.25,31.55,0.35,+1.12%,21840
07/06/2016,30.65,31.4,30.65,31.2,0.25,+0.81%,40320
07/05/2016,31.8,31.8,30.9,30.95,-0.6,-1.90%,36740
07/01/2016,32.15,32.2,31.25,31.55,-0.5,-1.56%,32980
06/30/2016,31.35,32.1,31,32.05,0.85,+2.72%,56680
06/29/2016,30.85,31.2,30.55,31.2,0.6,+1.96%,35620
06/28/2016,30.4,30.8,30.3,30.6,0.5,+1.66%,49780
06/27/2016,30.75,30.75,30,30.1,-0.85,-2.75%,52760
06/24/2016,31.3,32.2,30.9,30.95,-1.7,-5.21%,135080
06/23/2016,32.1,32.7,32.1,32.65,0.75,+2.35%,40760
06/22/2016,31.85,32.25,31.75,31.9,0.15,+0.47%,22620
06/21/2016,31.8,32.05,31.55,31.75,0.05,+0.16%,30100
06/20/2016,31.6,31.95,31.6,31.7,0.5,+1.60%,31960
06/17/2016,31.5,31.7,31.1,31.2,-0.45,-1.42%,100180
06/16/2016,31.3,31.75,31.05,31.65,0.2,+0.64%,62360
06/15/2016,31.75,31.9,31.4,31.45,-0.3,-0.94%,25760
06/14/2016,31.9,32,31.6,31.75,-0.15,-0.47%,26440
06/13/2016,32.1,32.35,31.8,31.9,-0.45,-1.39%,57300
06/10/2016,32,32.5,31.9,32.35,0,0.00%,37480
06/09/2016,32.55,32.55,32,32.35,-0.45,-1.37%,29820
06/08/2016,32.35,32.85,32.2,32.8,0.4,+1.23%,32560
06/07/2016,32.7,32.7,32,32.4,-0.35,-1.07%,25840
06/06/2016,32.15,32.85,32.15,32.75,0.55,+1.71%,52040
06/03/2016,32.4,32.4,31.65,32.2,-0.4,-1.23%,39360
06/02/2016,32.4,32.65,32.15,32.6,0.05,+0.15%,23720
06/01/2016,30.7,32.65,30.7,32.55,-0.3,-0.91%,49080
05/31/2016,33.1,33.15,32.55,32.85,-0.25,-0.76%,86160
05/27/2016,32.6,33.1,32.6,33.1,0.4,+1.22%,47200
05/26/2016,32.95,32.95,32.35,32.7,-0.25,-0.76%,37640
05/25/2016,33.05,33.3,32.45,32.95,-0.1,-0.30%,40520
05/24/2016,32.2,33.1,32.05,33.05,1.1,+3.44%,62860
05/23/2016,32.05,32.5,31.8,31.95,-0.2,-0.62%,37460
05/20/2016,31.85,32.75,31.75,32.15,0.4,+1.26%,95920
05/19/2016,31.75,31.9,31.3,31.75,-0.1,-0.31%,59520
05/18/2016,30.9,32,30.8,31.85,0.9,+2.91%,40140
05/17/2016,31.7,31.9,30.75,30.95,-0.75,-2.37%,48700
05/16/2016,31.4,31.95,31.4,31.7,0.2,+0.63%,31320
05/13/2016,31.7,31.95,31.35,31.5,-0.25,-0.79%,27040
05/12/2016,31.95,32.35,31.55,31.75,-0.15,-0.47%,32460
05/11/2016,32.05,32.35,31.8,31.9,-0.2,-0.62%,42300
05/10/2016,31.8,32.35,31.5,32.1,0.5,+1.58%,48020
05/09/2016,31.75,32,31.3,31.6,-0.15,-0.47%,43560
05/06/2016,31.3,31.8,31.25,31.75,0.4,+1.28%,60980
05/05/2016,31.75,31.9,31.25,31.35,-0.35,-1.10%,28360
05/04/2016,31.6,31.9,31.25,31.7,-0.1,-0.31%,34700
05/03/2016,32.05,32.3,31.6,31.8,-0.5,-1.55%,31280
05/02/2016,32.25,32.45,31.9,32.3,0.25,+0.78%,31200
04/29/2016,31.95,32.6,31.65,32.05,-0.05,-0.16%,25940
04/28/2016,32.5,32.7,32,32.1,-0.7,-2.13%,34140
04/27/2016,32.7,32.9,32.45,32.8,-0.05,-0.15%,40200
04/26/2016,32.25,33.25,32.05,32.85,0.7,+2.18%,53740
04/25/2016,31.05,32.15,31.05,32.15,0.75,+2.39%,61920
04/22/2016,31.5,32.25,31.25,31.4,-0.2,-0.63%,56600
04/21/2016,31.8,32,31.35,31.6,-0.25,-0.78%,41000
04/20/2016,31.65,32,31.4,31.85,0.35,+1.11%,39220
04/19/2016,31.65,31.85,31.35,31.5,-0.1,-0.32%,21440
04/18/2016,31.4,31.6,31.05,31.6,0.15,+0.48%,30740
04/15/2016,31.15,31.75,31.15,31.45,0.15,+0.48%,34460
04/14/2016,31.3,31.85,31.2,31.3,-0.15,-0.48%,44920
04/13/2016,30.55,31.5,30.55,31.45,0.95,+3.11%,61080
04/12/2016,29.95,30.7,29.95,30.5,0.5,+1.67%,34100
04/11/2016,29.75,30.25,29.75,30,0.25,+0.84%,37060
04/08/2016,29.5,30.05,29.45,29.75,0.35,+1.19%,38600
04/07/2016,29.1,29.9,29.1,29.4,0.05,+0.17%,86940
04/06/2016,29.35,29.7,29.05,29.35,0,0.00%,47380
04/05/2016,30.15,30.15,29.3,29.35,-0.9,-2.98%,53060
04/04/2016,30.7,30.75,30.15,30.25,-0.2,-0.66%,37060
04/01/2016,30.45,30.75,29.95,30.45,0.15,+0.50%,29500
03/31/2016,30.55,31,30.3,30.3,-0.35,-1.14%,32720
03/30/2016,30.6,31,30.55,30.65,0.1,+0.33%,37700
03/29/2016,30.15,30.7,29.55,30.55,0.45,+1.50%,48060
03/28/2016,29.85,30.4,29.85,30.1,0.25,+0.84%,34760
03/24/2016,29.8,29.9,29.5,29.85,0.05,+0.17%,31380
03/23/2016,30.2,30.35,29.65,29.8,-0.55,-1.81%,46580
03/22/2016,30.05,30.65,29.8,30.35,0.1,+0.33%,33620
03/21/2016,30.5,30.65,30.05,30.25,-0.25,-0.82%,38140
03/18/2016,30.05,30.8,29.7,30.5,0.7,+2.35%,144400
03/17/2016,28.95,29.9,28.7,29.8,0.85,+2.94%,80400
03/16/2016,29,29.35,28.7,28.95,-0.2,-0.69%,42260
03/15/2016,29.65,29.65,29.05,29.15,-0.5,-1.69%,33440
03/14/2016,30.2,30.2,29.65,29.65,-0.6,-1.98%,18900
03/11/2016,29.6,30.25,29.2,30.25,0.85,+2.89%,47420
03/10/2016,29.55,29.9,28.95,29.4,-0.1,-0.34%,30480
03/09/2016,29.75,29.95,29.35,29.5,-0.15,-0.51%,22420
03/08/2016,29.7,30,29.45,29.65,-0.3,-1.00%,41440
03/07/2016,29.6,30.15,29.6,29.95,0.2,+0.67%,40200
03/04/2016,29.7,30.05,29.6,29.75,0.05,+0.17%,44840
03/03/2016,29.2,29.8,29.2,29.7,0.35,+1.19%,41420
03/02/2016,28.95,29.35,28.3,29.35,-0.05,-0.17%,47520
03/01/2016,29,29.55,28.75,29.4,0.55,+1.91%,67720
02/29/2016,29.25,29.4,28.7,28.85,-0.25,-0.86%,74740
02/26/2016,28.75,29.4,28.5,29.1,0.5,+1.75%,57680
02/25/2016,28.35,28.6,28,28.6,0.25,+0.88%,65220
02/24/2016,27.45,28.35,27.25,28.35,0.5,+1.80%,57720
02/23/2016,28,28.45,27.65,27.85,-0.3,-1.07%,42400
02/22/2016,28.15,28.55,27.9,28.15,0.1,+0.36%,43580
02/19/2016,27.85,28.4,27.7,28.05,0.15,+0.54%,48220
02/18/2016,27.95,28.4,27.55,27.9,-0.15,-0.53%,59360
02/17/2016,28.3,28.65,27.9,28.05,-0.15,-0.53%,47480
02/16/2016,28,28.45,27.55,28.2,0.45,+1.62%,43540
02/12/2016,27.45,27.8,27.2,27.75,0.85,+3.16%,64040
02/11/2016,26.85,27.25,26.6,26.9,-0.4,-1.47%,47280
02/10/2016,27.8,28.1,27.2,27.3,-0.4,-1.44%,57660
02/09/2016,27.3,27.95,27.2,27.7,0,0.00%,45240
02/08/2016,27.25,27.9,27,27.7,0.25,+0.91%,87980
02/05/2016,27.85,28.2,27.4,27.45,-0.5,-1.79%,78120
02/04/2016,27.25,28.2,27.25,27.95,0.6,+2.19%,90600
02/03/2016,27.4,28,26.65,27.35,0.05,+0.18%,79980
02/02/2016,27.2,28.1,27.1,27.3,-0.2,-0.73%,79820
02/01/2016,27.55,27.9,27.2,27.5,0,0.00%,119880
01/29/2016,27.25,27.8,27.25,27.5,0.25,+0.92%,183140
01/28/2016,26.85,27.5,26.8,27.25,0.75,+2.83%,113379
01/27/2016,26.55,26.7,25.85,26.5,0,0.00%,163160
01/26/2016,26.55,27,26.4,26.5,0.3,+1.15%,120840
01/25/2016,27.55,27.7,26.2,26.2,-1.55,-5.59%,158140
01/22/2016,28.2,28.2,26.75,27.75,1.3,+4.91%,96700
01/21/2016,26.85,27.1,26.4,26.45,-0.35,-1.31%,113219
01/20/2016,26.55,27.1,26.15,26.8,-0.1,-0.37%,92620
01/19/2016,27.15,27.2,26.6,26.9,0.15,+0.56%,91180
01/15/2016,27.35,27.45,26.5,26.75,-1.1,-3.95%,151020
01/14/2016,28,28.3,27.75,27.85,0.05,+0.18%,100520
01/13/2016,28.65,28.75,27.7,27.8,-0.65,-2.28%,95020
01/12/2016,29.2,29.2,28.2,28.45,-0.3,-1.04%,89460
01/11/2016,29,29.45,28.7,28.75,0.05,+0.17%,52820
01/08/2016,29.85,29.85,28.65,28.7,-1,-3.37%,94460
01/07/2016,29.75,30.25,29.7,29.7,-0.5,-1.66%,66420
01/06/2016,30.25,30.55,30.05,30.2,-0.35,-1.15%,77220
01/05/2016,30.05,30.55,29.8,30.55,0.75,+2.52%,76880
01/04/2016,30.4,31.85,29.75,29.8,-0.9,-2.93%,68920
12/31/2015,31.6,31.8,30.65,30.7,-1.2,-3.76%,62080
12/30/2015,31.75,32.05,31.35,31.9,0.15,+0.47%,53300
12/29/2015,31.6,31.9,31.25,31.75,0.4,+1.28%,39160
12/28/2015,31.5,31.5,30.85,31.35,-0.2,-0.63%,47120
12/24/2015,31.4,31.85,30.5,31.55,0.25,+0.80%,30700
12/23/2015,31.15,31.4,31,31.3,0.25,+0.81%,23360
12/22/2015,31.1,31.1,30.55,31.05,0.1,+0.32%,26020
12/21/2015,30.95,31.4,30.6,30.95,0.1,+0.32%,46320
12/18/2015,31.15,31.6,30.55,30.85,-0.4,-1.28%,302600
12/17/2015,32.1,32.1,31.2,31.25,-0.5,-1.57%,55660
12/16/2015,31.5,31.9,31.15,31.75,0.35,+1.11%,91280
12/15/2015,30.35,31.45,30.2,31.4,1.4,+4.67%,81920
12/14/2015,29.45,30.05,29.25,30,0.5,+1.69%,69400
12/11/2015,29.25,29.9,29.25,29.5,-0.35,-1.17%,57840
12/10/2015,30,30.8,29.8,29.85,0,0.00%,31960
12/09/2015,30.3,31.2,29.7,29.85,-0.45,-1.49%,45660
12/08/2015,30.85,31,30.25,30.3,-0.7,-2.26%,35540
12/07/2015,31.5,32.25,30.85,31,-0.7,-2.21%,40140
12/04/2015,31.25,31.95,31.25,31.7,0.3,+0.96%,42500
12/03/2015,32.1,32.4,31.35,31.4,-0.55,-1.72%,60040
12/02/2015,32.45,32.6,31.9,31.95,-0.65,-1.99%,38240
12/01/2015,32.75,33.15,32.4,32.6,-0.2,-0.61%,35940
11/30/2015,32.8,33.05,32.55,32.8,-0.05,-0.15%,42960
11/27/2015,32.9,33,32.6,32.85,-0.15,-0.45%,16440
11/25/2015,32.6,33,32.35,33,0.35,+1.07%,32440
11/24/2015,32.3,32.7,32.1,32.65,0.25,+0.77%,24640
11/23/2015,32.4,32.7,32.25,32.4,0.05,+0.15%,25680
11/20/2015,32.4,32.6,32.1,32.35,-0.05,-0.15%,43340
11/19/2015,32.35,32.65,32.15,32.4,-0.05,-0.15%,32300
11/18/2015,32.15,32.6,32.05,32.45,0.3,+0.93%,60000
11/17/2015,32.15,32.55,31.95,32.15,0.25,+0.78%,70800
11/16/2015,31.65,31.95,31.4,31.9,0.35,+1.11%,50760
11/13/2015,31.35,31.9,31.35,31.55,-0.05,-0.16%,41720
11/12/2015,31.95,32.05,31.6,31.6,-0.4,-1.25%,36520
11/11/2015,32.3,32.45,31.95,32,-0.1,-0.31%,38540
11/10/2015,32.15,32.3,31.65,32.1,-0.05,-0.16%,62740
11/09/2015,32.05,32.45,31.9,32.15,-0.05,-0.16%,55520
11/06/2015,31.9,32.2,31.55,32.2,0.4,+1.26%,342340
11/05/2015,31.5,32.4,31.45,31.8,0.2,+0.63%,331860
11/04/2015,31.65,31.8,31.3,31.6,0.05,+0.16%,38040
11/03/2015,31.6,31.9,31.25,31.55,0,0.00%,57360
11/02/2015,31.25,31.55,31,31.55,0.4,+1.28%,42560
10/30/2015,32.1,32.1,30.85,31.15,-0.85,-2.66%,50460
10/29/2015,32.4,32.65,31.8,32,-0.5,-1.54%,56420
10/28/2015,31.55,32.55,31.45,32.5,1.15,+3.67%,78160
10/27/2015,31.95,31.95,31.1,31.35,-0.5,-1.57%,48020
10/26/2015,32.1,32.2,31.7,31.85,-0.25,-0.78%,42020
10/23/2015,31.5,32.35,31.35,32.1,0.7,+2.23%,79460
10/22/2015,30.05,31.5,30.05,31.4,1.4,+4.67%,99360
10/21/2015,30.45,30.55,30,30,-0.2,-0.66%,41420
10/20/2015,29.95,30.3,29.8,30.2,0.1,+0.33%,36700
10/19/2015,30.05,30.25,29.75,30.1,0.15,+0.50%,38140
10/16/2015,30.15,30.15,29.6,29.95,-0.05,-0.17%,32300
10/15/2015,29.45,30.1,29.25,30,0.65,+2.21%,60980
10/14/2015,30.25,30.25,29.25,29.35,-1,-3.29%,52820
10/13/2015,30.6,30.75,30.25,30.35,-0.3,-0.98%,56100
10/12/2015,29.55,30.95,29.55,30.65,0.85,+2.85%,242700
10/09/2015,30.3,30.55,29.8,29.8,-0.5,-1.65%,63780
10/08/2015,30.15,30.6,29.95,30.3,-0.05,-0.16%,111900
10/07/2015,30.15,30.6,29.95,30.35,1.1,+3.76%,196880
10/06/2015,29.5,29.7,29.2,29.25,-0.15,-0.51%,42300
10/05/2015,28.9,29.55,28.85,29.4,0.7,+2.44%,70960
10/02/2015,28.95,28.95,28,28.7,-0.25,-0.86%,68620
10/01/2015,29.4,29.4,28.7,28.95,-0.25,-0.86%,53820
09/30/2015,29.45,29.45,28.9,29.2,-0.1,-0.34%,73300
09/29/2015,29.1,29.45,29.1,29.3,0.15,+0.51%,59860
09/28/2015,29.75,29.75,29.1,29.15,-0.6,-2.02%,64760
09/25/2015,29.7,30.25,29.15,29.75,0.35,+1.19%,65960
09/24/2015,28.9,29.5,28.85,29.4,0.25,+0.86%,69680
09/23/2015,29.05,29.25,28.9,29.15,0.15,+0.52%,66140
09/22/2015,28.75,29.15,28.75,29,-0.05,-0.17%,53900
09/21/2015,28.45,29.15,28.45,29.05,0.9,+3.20%,47880
09/18/2015,28.5,28.95,28.05,28.15,-0.65,-2.26%,139840
09/17/2015,29,29.6,28.7,28.8,-0.35,-1.20%,42200
09/16/2015,29.35,29.55,29.15,29.15,-0.2,-0.68%,39640
09/15/2015,29.1,29.45,29.1,29.35,0.4,+1.38%,35360
09/14/2015,29.05,29.3,28.95,28.95,-0.1,-0.34%,25700
09/11/2015,28.85,29.2,28.75,29.05,-0.05,-0.17%,23200
09/10/2015,28.85,29.35,28.7,29.1,0.2,+0.69%,21300
09/09/2015,29.2,29.5,28.9,28.9,-0.15,-0.52%,67700
09/08/2015,29,29.15,28.9,29.05,0.4,+1.40%,63960
09/04/2015,28,28.75,28,28.65,0.25,+0.88%,64740
09/03/2015,28.4,28.8,28.2,28.4,0.15,+0.53%,59400
09/02/2015,28.5,28.7,28.05,28.25,-0.35,-1.22%,91360
09/01/2015,29.35,29.35,28.5,28.6,-1,-3.38%,58860
08/31/2015,29.3,29.65,29.2,29.6,0.15,+0.51%,30800
08/28/2015,29.2,29.6,29.1,29.45,0.05,+0.17%,37980
08/27/2015,29.5,29.7,29.1,29.4,-0.05,-0.17%,82260
08/26/2015,29.15,29.5,28.7,29.45,0.95,+3.33%,50960
08/25/2015,29.85,30.15,28.5,28.5,-0.5,-1.72%,72640
08/24/2015,29.5,30,27.95,29,-1.2,-3.97%,105980
08/21/2015,29.8,30.8,29.75,30.2,-0.05,-0.17%,203520
08/20/2015,30.45,30.65,30.25,30.25,-0.25,-0.82%,75520
08/19/2015,30.7,30.95,30.5,30.5,-0.25,-0.81%,36200
08/18/2015,30.8,31.1,30.7,30.75,-0.25,-0.81%,53700
08/17/2015,30.65,31.2,30.6,31,0.1,+0.32%,77980
08/14/2015,30.4,30.9,30.4,30.9,0.35,+1.15%,67100
08/13/2015,30.4,30.85,30.4,30.55,0,0.00%,69220
08/12/2015,30.55,30.85,30.25,30.55,-0.1,-0.33%,90800
08/11/2015,30.5,30.7,30.25,30.65,-0.1,-0.33%,61860
08/10/2015,30.8,31.15,30.65,30.75,-0.1,-0.32%,109379
08/07/2015,30.85,31.1,30.6,30.85,-0.2,-0.64%,149180
08/06/2015,31.15,31.25,30.85,31.05,-0.05,-0.16%,56200
08/05/2015,31.3,31.3,30.95,31.1,-0.05,-0.16%,61900
08/04/2015,31.1,31.35,30.95,31.15,0.2,+0.65%,83780
08/03/2015,31.05,31.35,30.8,30.95,-0.2,-0.64%,104200
07/31/2015,31.4,31.6,30.95,31.15,-0.2,-0.64%,82920
07/30/2015,30.95,31.35,30.9,31.35,0.15,+0.48%,87480
07/29/2015,30.9,31.25,30.75,31.2,0.3,+0.97%,66700
07/28/2015,31.15,31.15,30.8,30.9,0,0.00%,119100
07/27/2015,30.9,31.2,30.75,30.9,-0.05,-0.16%,70060
07/24/2015,31.9,31.95,30.75,30.95,-1.1,-3.43%,182600
07/23/2015,33.35,33.35,31.9,32.05,-2,-5.87%,289720
07/22/2015,35,35.4,33.95,34.05,-1.05,-2.99%,87200
07/21/2015,35.15,35.55,35,35.1,-0.1,-0.28%,27220
07/20/2015,35.45,35.5,35.05,35.2,-0.1,-0.28%,31920
07/17/2015,35.6,35.6,35.05,35.3,-0.2,-0.56%,24020
07/16/2015,35.45,35.65,35.3,35.5,0.2,+0.57%,89680
07/15/2015,35.55,35.65,35.15,35.3,-0.15,-0.42%,77280
07/14/2015,35.2,35.7,35.15,35.45,0,0.00%,28640
07/13/2015,35.15,35.55,35.15,35.45,0.25,+0.71%,22760
07/10/2015,34.95,35.25,34.95,35.2,0.55,+1.59%,42600
07/09/2015,34.9,35,34.4,34.65,0.05,+0.14%,70040
07/08/2015,34.4,34.8,34.3,34.6,0,0.00%,37280
07/07/2015,35,35,34.35,34.6,-0.45,-1.28%,38720
07/06/2015,34.5,35.1,34.5,35.05,0.05,+0.14%,40180
07/02/2015,35.7,36,34.8,35,-0.85,-2.37%,34920
07/01/2015,35.75,35.85,35.35,35.85,0.7,+1.99%,38240
06/30/2015,35.4,35.65,34.95,35.15,0,0.00%,37260
06/29/2015,35.15,35.8,35.05,35.15,-0.75,-2.09%,61780
06/26/2015,35.85,35.95,35.5,35.9,0.25,+0.70%,141120
06/25/2015,35.8,35.8,35.15,35.65,0.15,+0.42%,31520
06/24/2015,35.35,35.8,35.15,35.5,-0.1,-0.28%,25980
06/23/2015,35.2,35.85,35.2,35.6,0.35,+0.99%,38080
06/22/2015,35.2,35.5,35,35.25,0.15,+0.43%,36520
06/19/2015,34.65,35.2,34.65,35.1,0.3,+0.86%,95300
06/18/2015,34.3,34.9,34.2,34.8,0.5,+1.46%,42100
06/17/2015,34.65,34.75,34.25,34.3,-0.35,-1.01%,20780
06/16/2015,34.2,34.8,34.2,34.65,0.3,+0.87%,23600
06/15/2015,34.35,34.7,34,34.35,-0.25,-0.72%,32780
06/12/2015,34.6,34.75,34.35,34.6,-0.2,-0.57%,20040
06/11/2015,34.9,34.95,34.5,34.8,-0.05,-0.14%,22360
06/10/2015,34.2,35,34.2,34.85,0.75,+2.20%,78260
06/09/2015,34.1,34.25,33.75,34.1,0.1,+0.29%,20560
06/08/2015,33.75,34.25,33.75,34,-0.3,-0.87%,47900
06/05/2015,34,34.3,33.7,34.3,0.4,+1.18%,43060
06/04/2015,34.15,34.4,33.85,33.9,-0.5,-1.45%,21300
06/03/2015,33.6,34.4,33.6,34.4,0.4,+1.18%,49620
06/02/2015,33.65,34.1,33.65,34,0.3,+0.89%,30000
06/01/2015,33.85,33.9,33.4,33.7,-0.1,-0.30%,34300
05/29/2015,33.8,34.05,33.5,33.8,-0.2,-0.59%,36140
05/28/2015,33.8,34.1,33.8,34,0,0.00%,24840
05/27/2015,33.8,34,33.5,34,0.4,+1.19%,38280
05/26/2015,33.8,33.85,33.5,33.6,-0.1,-0.30%,49460
05/22/2015,33.9,34.25,33.65,33.7,-0.35,-1.03%,32780
05/21/2015,34.15,34.35,33.95,34.05,-0.1,-0.29%,19960
05/20/2015,34.3,34.5,34.05,34.15,-0.05,-0.15%,29180
05/19/2015,34.1,34.3,34.1,34.2,0,0.00%,16280
05/18/2015,33.75,34.35,33.75,34.2,0.3,+0.88%,44340
05/15/2015,34.3,34.3,33.7,33.9,-0.4,-1.17%,79100
05/14/2015,34,34.3,33.8,34.3,0.35,+1.03%,41540
05/13/2015,33.9,34.05,33.55,33.95,-0.2,-0.59%,44160
05/12/2015,33.95,34.15,33.4,34.15,0.25,+0.74%,51320
05/11/2015,33.55,34,33.35,33.9,0.4,+1.19%,39880
05/08/2015,33.8,33.8,33.3,33.5,0.05,+0.15%,36100
05/07/2015,33.25,33.6,33.2,33.45,0,0.00%,22960
05/06/2015,33.4,33.7,33.2,33.45,0.1,+0.30%,43700
05/05/2015,33.5,34,33.25,33.35,-0.35,-1.04%,37420
05/04/2015,33.35,33.75,33.35,33.7,0.4,+1.20%,42780
05/01/2015,33.35,33.6,33.05,33.3,-0.05,-0.15%,74340
04/30/2015,33.95,34.1,33.25,33.35,-0.65,-1.91%,67020
04/29/2015,34.3,34.6,33.9,34,-0.5,-1.45%,29600
04/28/2015,33.15,34.5,33.15,34.5,1.2,+3.60%,65980
04/27/2015,33.5,33.6,33,33.3,-0.2,-0.60%,68080
04/24/2015,33.55,33.7,33.45,33.5,-0.15,-0.45%,39160
04/23/2015,33.75,33.9,33.55,33.65,-0.15,-0.44%,27660
04/22/2015,34.3,34.3,33.75,33.8,-0.3,-0.88%,48600
04/21/2015,34.5,34.6,34.05,34.1,-0.4,-1.16%,16840
04/20/2015,34.05,34.55,33.85,34.5,0.6,+1.77%,35680
04/17/2015,34.15,34.45,33.85,33.9,-0.6,-1.74%,50120
04/16/2015,34.25,34.65,34.15,34.5,0.1,+0.29%,23160
04/15/2015,34.25,34.75,34,34.4,0.1,+0.29%,41040
04/14/2015,34.55,34.55,34.2,34.3,-0.1,-0.29%,28040
04/13/2015,34.2,34.5,34.2,34.4,0,0.00%,18080
04/10/2015,34.25,34.55,34.25,34.4,0.05,+0.15%,12200
04/09/2015,34.4,34.65,33.95,34.35,-0.2,-0.58%,24660
04/08/2015,34.6,34.75,34.4,34.55,0,0.00%,48460
04/07/2015,34.25,34.75,34.25,34.55,0.15,+0.44%,51500
04/06/2015,34.2,34.55,34.1,34.4,-0.2,-0.58%,23160
04/02/2015,34.55,34.6,33.95,34.6,0.25,+0.73%,45340
04/01/2015,34.25,34.5,33.9,34.35,-0.05,-0.15%,36140
03/31/2015,34,34.45,34,34.4,0.1,+0.29%,27400
03/30/2015,33.95,34.6,33.6,34.3,0.35,+1.03%,46260
03/27/2015,33.65,34,33.45,33.95,0.1,+0.30%,37800
03/26/2015,33.5,33.95,33.3,33.85,0.35,+1.04%,39920
03/25/2015,34.35,34.6,33.35,33.5,-0.95,-2.76%,100660
03/24/2015,34.3,34.6,34,34.45,-0.05,-0.14%,71220
03/23/2015,34.6,34.75,34.3,34.5,-0.2,-0.58%,35980
03/20/2015,33.95,34.75,33.95,34.7,0.8,+2.36%,102160
03/19/2015,33.85,34.05,33.6,33.9,-0.15,-0.44%,23300
03/18/2015,34.1,34.3,33.7,34.05,-0.2,-0.58%,42300
03/17/2015,33.7,34.25,33.4,34.25,0.35,+1.03%,52640
03/16/2015,34.05,34.25,33.8,33.9,-0.15,-0.44%,23880
03/13/2015,34.25,34.25,33.45,34.05,-0.2,-0.58%,38980
03/12/2015,33.65,34.25,33.15,34.25,0.9,+2.70%,54880
03/11/2015,33.3,33.4,33,33.35,0.1,+0.30%,31700
03/10/2015,33.45,33.6,33.25,33.25,-0.45,-1.34%,33160
03/09/2015,33.65,33.75,33.5,33.7,0.2,+0.60%,18160
03/06/2015,33.7,34.2,33.5,33.5,-0.5,-1.47%,38120
03/05/2015,33.85,34,33.4,34,0.3,+0.89%,45520
03/04/2015,33.8,34.05,33.7,33.7,-0.55,-1.61%,34780
03/03/2015,34.05,34.4,34.05,34.25,0,0.00%,82000
03/02/2015,33.9,34.3,33.8,34.25,0.45,+1.33%,60900
02/27/2015,33.9,34.1,33.75,33.8,-0.2,-0.59%,32800
02/26/2015,33.6,34.05,33.6,34,0.25,+0.74%,25160
02/25/2015,33.8,33.85,33.55,33.75,-0.05,-0.15%,17960
02/24/2015,33.4,33.85,33.4,33.8,0.35,+1.05%,35220
02/23/2015,33.3,33.55,33.3,33.45,-0.05,-0.15%,28660
02/20/2015,33.85,33.85,33.4,33.5,-0.25,-0.74%,131480
02/19/2015,33.7,33.9,33.5,33.75,0.05,+0.15%,91240
02/18/2015,34.1,34.25,33.55,33.7,-0.55,-1.61%,51560
02/17/2015,34.2,34.25,33.85,34.25,0.15,+0.44%,50100
02/13/2015,34.25,34.35,33.9,34.1,-0.25,-0.73%,33680
02/12/2015,33.7,34.35,33.7,34.35,0.75,+2.23%,41100
02/11/2015,34.35,34.4,33.5,33.6,-0.4,-1.18%,47460
02/10/2015,34.65,34.95,33.75,34,-0.3,-0.87%,38980
02/09/2015,34.8,35.2,34.25,34.3,-0.5,-1.44%,76820
02/06/2015,34,35.1,33.85,34.8,1,+2.96%,267340
02/05/2015,33.3,34,33.3,33.8,0.75,+2.27%,197960
02/04/2015,33,33.35,32.95,33.05,-0.3,-0.90%,77980
02/03/2015,33.2,33.5,32.95,33.35,0.4,+1.21%,91160
02/02/2015,32.15,32.95,32.1,32.95,0.8,+2.49%,83140
01/30/2015,32.5,32.8,32.1,32.15,-0.65,-1.98%,85300
01/29/2015,32.65,33.5,32.55,32.8,0.1,+0.31%,82700
01/28/2015,33.3,33.35,32.65,32.7,-0.55,-1.65%,49840
01/27/2015,33.25,33.75,33.15,33.25,-0.3,-0.89%,54380
01/26/2015,33.65,33.9,33.25,33.55,-0.1,-0.30%,42900
01/23/2015,34.75,34.85,33.65,33.65,-1.25,-3.58%,48560
01/22/2015,33.55,34.9,33,34.9,2,+6.08%,133080
01/21/2015,33.1,33.5,32.8,32.9,-0.4,-1.20%,46240
01/20/2015,33.75,34,33.1,33.3,-0.6,-1.77%,66760
01/16/2015,33.25,34,33.15,33.9,0.6,+1.80%,82520
01/15/2015,33.3,33.9,33.05,33.3,0,0.00%,68080
01/14/2015,33,33.6,32.75,33.3,-0.2,-0.60%,79260
01/13/2015,33.85,34.25,32.95,33.5,-0.1,-0.30%,88440
01/12/2015,33.75,33.9,33.35,33.6,-0.25,-0.74%,54020
01/09/2015,34.35,34.6,33.75,33.85,-0.55,-1.60%,41580
01/08/2015,34.55,34.85,34.2,34.4,0.2,+0.58%,54480
01/07/2015,34.45,34.75,34.05,34.2,0,0.00%,39980
01/06/2015,34.65,35.25,34.2,34.2,-0.45,-1.30%,74540
01/05/2015,35.5,35.5,34.65,34.65,-0.9,-2.53%,46620
01/02/2015,36.65,36.65,35.35,35.55,-0.75,-2.07%,58280
12/31/2014,36.65,36.85,36.2,36.3,-0.15,-0.41%,63620
12/30/2014,36.5,36.7,36.3,36.45,-0.25,-0.68%,36200
12/29/2014,35.35,36.75,35.35,36.7,1.2,+3.38%,107600
12/26/2014,35.75,35.75,35.4,35.5,-0.1,-0.28%,32400
12/24/2014,35.45,35.6,34.9,35.6,0.05,+0.14%,22920
12/23/2014,35.65,35.75,35.15,35.55,0.2,+0.57%,33600
12/22/2014,35.15,35.4,34.75,35.35,0.05,+0.14%,35720
12/19/2014,34.9,35.45,34.2,35.3,0.55,+1.58%,300840
12/18/2014,34.55,35,34.4,34.75,0.25,+0.72%,50000
12/17/2014,33.55,34.55,33.35,34.5,0.9,+2.68%,58880
12/16/2014,33.15,33.85,33.1,33.6,0.4,+1.20%,52520
12/15/2014,33.75,33.85,33.15,33.2,-0.3,-0.90%,45720
12/12/2014,33.9,34.15,33.35,33.5,-0.45,-1.33%,47020
12/11/2014,34.25,34.65,33.85,33.95,-0.05,-0.15%,37880
12/10/2014,34.5,34.7,34,34,-0.75,-2.16%,65160
12/09/2014,33.65,34.85,33.65,34.75,0.65,+1.91%,49820
12/08/2014,34.55,35,33.9,34.1,-0.7,-2.01%,45100
12/05/2014,34.5,35.15,34.5,34.8,0.25,+0.72%,36920
12/04/2014,34.35,34.65,34,34.55,0.05,+0.14%,44540
12/03/2014,34.3,34.75,34.2,34.5,-0.1,-0.29%,32740
12/02/2014,33.95,34.75,33.95,34.6,0.75,+2.22%,32760
12/01/2014,34.15,34.2,33.75,33.85,-0.2,-0.59%,47840
11/28/2014,34.8,35.05,34,34.05,-0.85,-2.44%,36880
11/26/2014,35,35.1,34.55,34.9,0.05,+0.14%,29120
11/25/2014,35.1,35.2,34.75,34.85,0,0.00%,19120
11/24/2014,34.8,35.05,34.7,34.85,0.35,+1.01%,40960
11/21/2014,35.55,35.55,34.5,34.5,-0.6,-1.71%,35080
11/20/2014,34.75,35.2,34.6,35.1,0.2,+0.57%,68980
11/19/2014,36.1,36.15,34.85,34.9,-1.2,-3.32%,96520
11/18/2014,36.4,36.7,35.9,36.1,-0.15,-0.41%,43740
11/17/2014,36.5,36.65,36.2,36.25,-0.45,-1.23%,24960
11/14/2014,37.1,37.5,36.4,36.7,-0.3,-0.81%,57420
11/13/2014,37.5,37.5,36.05,37,-0.5,-1.33%,26440
11/12/2014,36.75,37.5,36.4,37.5,0.85,+2.32%,38380
11/11/2014,36.7,36.9,36.45,36.65,-0.1,-0.27%,26180
11/10/2014,36.35,36.75,35.95,36.75,0.35,+0.96%,36900
11/07/2014,36.6,36.6,36.05,36.4,-0.2,-0.55%,44520
11/06/2014,36.5,36.65,35.95,36.6,0.25,+0.69%,29620
11/05/2014,36.35,36.6,35.95,36.35,0.05,+0.14%,34660
11/04/2014,36.45,36.55,35.95,36.3,-0.1,-0.27%,32940
11/03/2014,36.05,36.95,36.05,36.4,-0.1,-0.27%,67240
10/31/2014,36.65,36.7,36.15,36.5,0.6,+1.67%,81460
10/30/2014,35.6,36.2,35.3,35.9,0.15,+0.42%,53620
10/29/2014,34.85,35.95,34.8,35.75,0.55,+1.56%,65240
10/28/2014,34.25,35.25,34.1,35.2,1.2,+3.53%,66120
10/27/2014,33.85,34.05,33.45,34,0,0.00%,21440
10/24/2014,34.35,34.35,33.85,34,-0.15,-0.44%,17640
10/23/2014,33.65,34.2,33.3,34.15,0.95,+2.86%,67020
10/22/2014,34,34,33.1,33.2,-0.75,-2.21%,46680
10/21/2014,33.1,34,33.1,33.95,0.75,+2.26%,41620
10/20/2014,32.9,33.35,32.8,33.2,0.15,+0.45%,54660
10/17/2014,34.25,34.25,32.95,33.05,-0.65,-1.93%,63280
10/16/2014,33,33.75,32.9,33.7,0.5,+1.51%,150660
10/15/2014,33.65,33.9,32.9,33.2,-1.05,-3.07%,97060
10/14/2014,33.5,34.3,33.15,34.25,0.85,+2.54%,73000
10/13/2014,32.9,33.95,32.55,33.4,0.35,+1.06%,72000
10/10/2014,32.75,33.65,32.75,33.05,0.1,+0.30%,35460
10/09/2014,33.75,33.75,32.9,32.95,-0.9,-2.66%,54780
10/08/2014,32.75,33.95,32.75,33.85,1,+3.04%,55320
10/07/2014,33,33.25,32.75,32.85,-0.3,-0.90%,55680
10/06/2014,33.15,33.35,32.95,33.15,0,0.00%,50520
10/03/2014,33.3,33.45,32.9,33.15,0.3,+0.91%,61300
10/02/2014,32.75,33.1,32.5,32.85,0.25,+0.77%,40020
10/01/2014,32.15,32.9,32.1,32.6,0.4,+1.24%,79840
09/30/2014,32.6,32.85,32.2,32.2,-0.4,-1.23%,70020
09/29/2014,32.5,32.95,32.5,32.6,-0.25,-0.76%,40720
09/26/2014,32.8,33.4,32.75,32.85,0.05,+0.15%,30960
09/25/2014,33.1,33.35,32.6,32.8,-0.4,-1.20%,36460
09/24/2014,33,33.35,32.9,33.2,0.35,+1.07%,37060
09/23/2014,33.05,33.4,32.8,32.85,-0.2,-0.61%,46900
09/22/2014,33.25,33.45,33,33.05,-0.3,-0.90%,45400
09/19/2014,34.6,34.75,33.3,33.35,-1.3,-3.75%,205680
09/18/2014,34.35,34.9,34.2,34.65,0.45,+1.32%,24180
09/17/2014,34.05,34.35,33.85,34.2,0.05,+0.15%,35180
09/16/2014,34.25,34.7,34.05,34.15,-0.2,-0.58%,45460
09/15/2014,34.8,35.1,34.3,34.35,-0.6,-1.72%,24180
09/12/2014,35.1,35.25,34.55,34.95,-0.05,-0.14%,35300
09/11/2014,34.55,35.05,34.5,35,0.2,+0.57%,24100
09/10/2014,34.5,34.95,34.5,34.8,0.25,+0.72%,32700
09/09/2014,35,35.1,34.5,34.55,-0.6,-1.71%,31340
09/08/2014,35.1,35.4,34.9,35.15,-0.15,-0.42%,21620
09/05/2014,35,35.4,34.8,35.3,0.25,+0.71%,46800
09/04/2014,35.05,35.3,34.8,35.05,0,0.00%,34580
09/03/2014,35.05,35.15,34.9,35.05,-0.2,-0.57%,60020
09/02/2014,35.25,35.6,34.65,35.25,0.15,+0.43%,38700
08/29/2014,34.85,35.2,34.75,35.1,0.3,+0.86%,35460
08/28/2014,34.6,35,34.55,34.8,-0.05,-0.14%,33040
08/27/2014,35.15,35.25,34.45,34.85,-0.15,-0.43%,25320
08/26/2014,34.7,35,34.65,35,0.4,+1.16%,52520
08/25/2014,34.5,34.8,34.2,34.6,0.15,+0.44%,34080
08/22/2014,34.55,34.6,34.3,34.45,-0.15,-0.43%,27880
08/21/2014,34.1,34.65,33.65,34.6,0.6,+1.76%,36220
08/20/2014,34.15,34.4,33.9,34,-0.4,-1.16%,22980
08/19/2014,34.5,34.75,34.25,34.4,-0.2,-0.58%,30480
08/18/2014,34.45,34.75,34.15,34.6,0.55,+1.62%,43720
08/15/2014,34.65,34.7,33.7,34.05,-0.3,-0.87%,75320
08/14/2014,33.75,34.35,33.6,34.35,0.5,+1.48%,52340
08/13/2014,33.75,34.05,33.6,33.85,0.25,+0.74%,33900
08/12/2014,33.5,33.7,33.45,33.6,-0.1,-0.30%,32040
08/11/2014,33.5,33.85,33.1,33.7,0.4,+1.20%,36700
08/08/2014,32.95,33.35,32.8,33.3,0.3,+0.91%,50360
08/07/2014,33.4,33.4,32.8,33,-0.4,-1.20%,32520
08/06/2014,32.85,33.45,32.7,33.4,0.4,+1.21%,30080
08/05/2014,32.85,33.35,32.7,33,-0.15,-0.45%,31140
08/04/2014,33.1,33.25,32.55,33.15,0.3,+0.91%,35080
08/01/2014,33,33.45,32.55,32.85,-0.1,-0.30%,41140
07/31/2014,33.4,33.7,32.9,32.95,-0.85,-2.51%,96260
07/30/2014,33.85,34.2,33.5,33.8,0.1,+0.30%,47160
07/29/2014,34.2,34.4,33.65,33.7,-0.35,-1.03%,46080
07/28/2014,34.35,34.4,33.8,34.05,-0.15,-0.44%,60820
07/25/2014,33.8,34.45,33.8,34.2,0.1,+0.29%,70720
07/24/2014,34,34.25,33.75,34.1,0.05,+0.15%,76760
07/23/2014,33.4,34.1,33.2,34.05,0.85,+2.56%,87400
07/22/2014,33.25,33.65,32.7,33.2,0.5,+1.53%,55180
07/21/2014,32.8,32.95,32.5,32.7,-0.3,-0.91%,62220
07/18/2014,32.4,33.05,32.35,33,0.5,+1.54%,112579
07/17/2014,32.6,32.7,32.4,32.5,-0.2,-0.61%,89120
07/16/2014,32.65,32.75,32.15,32.7,0.2,+0.62%,81600
07/15/2014,32.6,32.65,32.2,32.5,0,0.00%,57100
07/14/2014,32.85,32.95,32.45,32.5,0.05,+0.15%,29760
07/11/2014,32.75,32.8,32.4,32.45,-0.3,-0.92%,32520
07/10/2014,32.7,33.05,32.55,32.75,-0.4,-1.21%,43300
07/09/2014,33.4,33.75,33.15,33.15,-0.1,-0.30%,40680
07/08/2014,33.4,33.95,33.05,33.25,-0.3,-0.89%,48300
07/07/2014,33.7,33.7,33.3,33.55,-0.4,-1.18%,55380
07/03/2014,33.9,34.15,33.6,33.95,0.45,+1.34%,26680
07/02/2014,33.6,34.05,33.4,33.5,-0.4,-1.18%,61360
07/01/2014,33.35,34.5,33.2,33.9,0.5,+1.50%,121379
06/30/2014,33.3,33.5,33,33.4,-0.1,-0.30%,49360
06/27/2014,32.85,33.5,32.6,33.5,0.35,+1.06%,140920
06/26/2014,33.2,33.35,32.65,33.15,0.1,+0.30%,38000
06/25/2014,32.4,33.15,32.4,33.05,0.35,+1.07%,52660
06/24/2014,32.55,33.35,32.55,32.7,-0.05,-0.15%,79000
06/23/2014,33.55,33.55,32.65,32.75,-0.75,-2.24%,50640
06/20/2014,32.6,33.5,32.3,33.5,1,+3.08%,259260
06/19/2014,32.5,32.6,32.25,32.5,0,0.00%,26720
06/18/2014,32.7,32.7,32.35,32.5,-0.15,-0.46%,42460
06/17/2014,32.3,32.8,32.3,32.65,0.5,+1.56%,56400
06/16/2014,32.6,32.6,31.9,32.15,-0.4,-1.23%,53120
06/13/2014,32.85,33,32.4,32.55,-0.1,-0.31%,50640
06/12/2014,32.85,33,32.4,32.65,-0.2,-0.61%,43220
06/11/2014,33.45,33.45,32.75,32.85,-0.6,-1.79%,31020
06/10/2014,33.35,33.5,33,33.45,0,0.00%,47820
06/09/2014,33.25,33.55,33.1,33.45,0.25,+0.75%,51620
06/06/2014,32.9,33.25,32.65,33.2,0.5,+1.53%,75060
06/05/2014,31.75,32.75,31.7,32.7,0.95,+2.99%,58760
06/04/2014,31.6,32.05,31.6,31.75,-0.5,-1.55%,56240
06/03/2014,32.25,32.65,31.95,32.25,-0.1,-0.31%,46620
06/02/2014,32.15,32.5,31.85,32.35,0.2,+0.62%,75980
05/30/2014,32.3,32.5,32.05,32.15,-0.05,-0.16%,47260
05/29/2014,32.55,32.55,32,32.2,-0.3,-0.92%,69000
05/28/2014,33.15,33.35,32.2,32.5,-1.4,-4.13%,151640
05/27/2014,33.3,33.95,33.3,33.9,0.65,+1.95%,50500
05/23/2014,32.7,33.25,32.65,33.25,0.55,+1.68%,51340
05/22/2014,32.85,33,32.65,32.7,0,0.00%,33260
05/21/2014,32.55,32.95,32.25,32.7,0.35,+1.08%,70700
05/20/2014,32.5,32.65,31.95,32.35,-0.5,-1.52%,95300
05/19/2014,32.4,33.05,32.3,32.85,0.45,+1.39%,35780
05/16/2014,32.3,32.4,31.95,32.4,0,0.00%,46780
05/15/2014,32.25,32.6,31.8,32.4,-0.15,-0.46%,89120
05/14/2014,33.85,33.85,32.5,32.55,-1.1,-3.27%,70540
05/13/2014,34.35,34.35,33.65,33.65,-0.65,-1.90%,81060
05/12/2014,33.55,34.45,33.3,34.3,0.75,+2.24%,76660
05/09/2014,32.5,33.6,32.45,33.55,0.8,+2.44%,77040
05/08/2014,32.95,33.25,32.55,32.75,-0.1,-0.30%,74380
05/07/2014,32.45,32.95,31.95,32.85,0.5,+1.55%,66220
05/06/2014,32.8,33.05,32.3,32.35,-0.45,-1.37%,79360
05/05/2014,33,33.3,32.6,32.8,-0.4,-1.20%,66060
05/02/2014,33.3,33.85,33,33.2,0.05,+0.15%,68120
05/01/2014,33.05,33.5,32.55,33.15,0.1,+0.30%,103360
04/30/2014,32.8,33.15,32.45,33.05,0.25,+0.76%,93080
04/29/2014,33.5,33.8,32.75,32.8,-0.45,-1.35%,59560
04/28/2014,33.3,33.8,33,33.25,0,0.00%,74540
04/25/2014,33.45,33.65,33.1,33.25,-0.2,-0.60%,71280
04/24/2014,34.45,34.45,33.4,33.45,-0.8,-2.34%,55580
04/23/2014,34.25,34.55,34.1,34.25,-0.2,-0.58%,61180
04/22/2014,34.35,34.9,34.35,34.45,0.25,+0.73%,63880
04/21/2014,34.35,34.65,34.05,34.2,-0.15,-0.44%,41400
04/17/2014,33.9,34.5,33.9,34.35,0.4,+1.18%,59980
04/16/2014,33.85,34.2,33.7,33.95,0.15,+0.44%,40840
04/15/2014,33.85,34.2,33.05,33.8,0.2,+0.60%,66980
04/14/2014,33.55,34,33.15,33.6,0.3,+0.90%,62940
04/11/2014,33.25,33.65,33.05,33.3,-0.4,-1.19%,68420
04/10/2014,34.35,34.55,33.45,33.7,-0.85,-2.46%,89940
04/09/2014,34.75,34.75,34.3,34.55,-0.1,-0.29%,36520
04/08/2014,34.6,35.4,34.6,34.65,-0.05,-0.14%,51720
04/07/2014,34.8,35,34.4,34.7,-0.15,-0.43%,64320
04/04/2014,36.25,36.25,34.7,34.85,-1.05,-2.92%,68920
04/03/2014,35.85,36.1,35.55,35.9,-0.05,-0.14%,40060
04/02/2014,36.15,36.15,35.55,35.95,0,0.00%,48900
04/01/2014,35.45,36,34.65,35.95,0.75,+2.13%,95840
03/31/2014,34.75,35.35,34.65,35.2,0.75,+2.18%,72380
03/28/2014,34.45,35.1,34.35,34.45,-0.1,-0.29%,42720
03/27/2014,35.05,35.45,34.3,34.55,-0.3,-0.86%,59040
03/26/2014,35.9,35.9,34.85,34.85,-0.7,-1.97%,52160
03/25/2014,35.65,36,35.35,35.55,0,0.00%,56200
03/24/2014,35.9,36.2,35.45,35.55,-0.15,-0.42%,45900
03/21/2014,36.45,36.5,35.65,35.7,-0.45,-1.24%,99240
03/20/2014,35.65,36.5,35.65,36.15,0.3,+0.84%,37660
03/19/2014,35.55,36.2,35.25,35.85,0.2,+0.56%,98500
03/18/2014,35.3,35.7,34.7,35.65,0.3,+0.85%,116860
03/17/2014,35,35.5,33.9,35.35,0.45,+1.29%,44740
03/14/2014,34.55,35.15,34.5,34.9,0.35,+1.01%,47900
03/13/2014,34.85,34.85,34.15,34.55,-0.1,-0.29%,47080
03/12/2014,34.2,34.7,33.9,34.65,0.4,+1.17%,51180
03/11/2014,34.95,34.95,34.1,34.25,-0.5,-1.44%,50640
03/10/2014,34.55,34.8,34.25,34.75,0.2,+0.58%,41760
03/07/2014,34.7,34.7,34.25,34.55,0.3,+0.88%,28620
03/06/2014,34.2,34.3,33.75,34.25,0.15,+0.44%,34900
03/05/2014,34.55,34.6,33.75,34.1,-0.75,-2.15%,63820
03/04/2014,34.3,35.45,33.6,34.85,1,+2.95%,149000
03/03/2014,33.7,34.7,33.3,33.85,0.05,+0.15%,76680
02/28/2014,33.5,34.1,33.4,33.8,0.4,+1.20%,75760
02/27/2014,33.25,33.5,33.15,33.4,0.1,+0.30%,35980
02/26/2014,33.35,33.45,33.1,33.3,0.3,+0.91%,45280
02/25/2014,33.15,33.4,32.95,33,-0.05,-0.15%,39180
02/24/2014,32.4,33.5,32.4,33.05,0.6,+1.85%,46240
02/21/2014,32.5,32.5,32.2,32.45,0.15,+0.46%,54560
02/20/2014,32,33.65,31.75,32.3,0.45,+1.41%,41620
02/19/2014,32.75,33.4,31.85,31.85,-1.05,-3.19%,46780
02/18/2014,33,33.3,32.6,32.9,0.1,+0.30%,32600
02/14/2014,32.85,33,32.55,32.8,-0.15,-0.46%,24780
02/13/2014,32.45,33.1,31.85,32.95,0.35,+1.07%,45180
02/12/2014,32.3,33,32.3,32.6,0.25,+0.77%,56480
02/11/2014,31.65,32.45,31.65,32.35,0.8,+2.54%,45700
02/10/2014,31.6,32.1,31.25,31.55,0,0.00%,55820
02/07/2014,31.8,32,31.45,31.55,-0.05,-0.16%,46840
02/06/2014,31.6,32.15,31.4,31.6,0.1,+0.32%,60340
02/05/2014,32.15,32.15,31.45,31.5,-0.35,-1.10%,45200
02/04/2014,31.4,32.15,31.25,31.85,0.5,+1.59%,56420
02/03/2014,32.6,33.05,31,31.35,-1.3,-3.98%,113320
01/31/2014,33.05,33.45,32.6,32.65,-0.85,-2.54%,65740
01/30/2014,33.25,33.7,32.75,33.5,0.55,+1.67%,47840
01/29/2014,33.5,33.7,32.85,32.95,-0.75,-2.23%,70280
01/28/2014,33.9,33.9,33.25,33.7,-0.05,-0.15%,72240
01/27/2014,34.25,34.3,33.7,33.75,-0.3,-0.88%,46300
01/24/2014,34.6,34.8,33.8,34.05,-0.9,-2.58%,60080
01/23/2014,34.75,35.15,34.3,34.95,0.05,+0.14%,76600
01/22/2014,34.85,35.2,34.5,34.9,0.15,+0.43%,49020
01/21/2014,35.35,35.5,34.65,34.75,-0.1,-0.29%,67440
01/17/2014,34.9,35.3,34.65,34.85,0.1,+0.29%,34200
01/16/2014,35.2,35.2,34.5,34.75,-0.4,-1.14%,29240
01/15/2014,35.05,35.5,34.6,35.15,0.2,+0.57%,86640
01/14/2014,34.95,35.15,34.65,34.95,0.05,+0.14%,41040
01/13/2014,35.25,35.3,34.6,34.9,-0.4,-1.13%,56180
01/10/2014,35.75,35.9,35.05,35.3,-0.35,-0.98%,49860
01/09/2014,35.55,35.85,35.1,35.65,0.35,+0.99%,42720
01/08/2014,35.4,35.7,35.1,35.3,-0.2,-0.56%,44020
01/07/2014,35.2,35.85,35.15,35.5,0.3,+0.85%,36460
01/06/2014,35.7,36.15,35.1,35.2,-0.45,-1.26%,61240
01/03/2014,35.85,36.45,35.5,35.65,0,0.00%,30180
01/02/2014,35.9,36.65,35.15,35.65,-0.25,-0.70%,60120
12/31/2013,36.25,36.55,35.6,35.9,-0.4,-1.10%,48420
12/30/2013,36.6,36.75,36.05,36.3,-0.45,-1.22%,23320
12/27/2013,37.35,37.45,36.25,36.75,-0.4,-1.08%,37300
12/26/2013,36.95,37.35,36.6,37.15,0.3,+0.81%,72840
12/24/2013,36.7,37.25,36.35,36.85,0.05,+0.14%,20780
12/23/2013,36.45,36.8,36.25,36.8,0.6,+1.66%,43140
12/20/2013,35.5,36.4,35.05,36.2,0.9,+2.55%,157860
12/19/2013,35.35,35.8,35.25,35.3,-0.15,-0.42%,59380
12/18/2013,35.2,35.6,34.85,35.45,0.4,+1.14%,79440
12/17/2013,35.35,35.35,34.3,35.05,-0.3,-0.85%,42080
12/16/2013,34.95,35.35,33.7,35.35,0.5,+1.43%,66860
12/13/2013,34.75,35.1,34.45,34.85,0.05,+0.14%,51780
12/12/2013,34.85,35.25,34.7,34.8,0.1,+0.29%,72400
12/11/2013,35.65,35.65,34.55,34.7,-0.8,-2.25%,132340
12/10/2013,35.8,35.8,35,35.5,-0.25,-0.70%,93820
12/09/2013,36.25,36.25,35.55,35.75,-0.35,-0.97%,42220
12/06/2013,35.95,36.35,35.95,36.1,0.4,+1.12%,47300
12/05/2013,35.8,36,35.6,35.7,-0.1,-0.28%,34880
12/04/2013,35.55,36.1,35,35.8,-0.1,-0.28%,62560
12/03/2013,37,37.5,35.8,35.9,-1.25,-3.36%,231900
12/02/2013,38,38.2,37.1,37.15,-0.85,-2.24%,85460
11/29/2013,38.1,38.35,37.65,38,0,0.00%,51800
11/27/2013,37.45,38,37.25,38,0.5,+1.33%,55800
11/26/2013,37.4,37.5,37,37.5,0.25,+0.67%,54260
11/25/2013,36.85,37.5,36.55,37.25,0.6,+1.64%,56600
11/22/2013,36.5,37.5,36,36.65,0.25,+0.69%,80600
11/21/2013,35.55,36.6,35.35,36.4,1,+2.82%,76380
11/20/2013,35.25,35.5,34.8,35.4,0.15,+0.43%,53420
11/19/2013,35,35.4,34.8,35.25,0.35,+1.00%,74020
11/18/2013,34.2,35.25,34.05,34.9,0.75,+2.20%,90900
11/15/2013,34.2,34.3,33.85,34.15,-0.1,-0.29%,58660
11/14/2013,33.9,34.3,33.8,34.25,0.25,+0.74%,44900
11/13/2013,33.9,34,33.4,34,0.05,+0.15%,63860
11/12/2013,33.85,33.95,33.55,33.95,0.1,+0.30%,32860
11/11/2013,33.85,34.05,33.65,33.85,-0.15,-0.44%,37060
11/08/2013,33.1,34.4,33.1,34,0.9,+2.72%,44420
11/07/2013,33.45,33.8,33,33.1,-0.35,-1.05%,58600
11/06/2013,33.5,33.65,33.2,33.45,0.2,+0.60%,28740
11/05/2013,33.3,33.45,32.95,33.25,-0.1,-0.30%,36860
11/04/2013,33.1,33.65,32.95,33.35,0.3,+0.91%,82200
11/01/2013,33.5,33.7,32.95,33.05,-0.55,-1.64%,101140
10/31/2013,34.05,34.1,33.55,33.6,-0.5,-1.47%,81740
10/30/2013,34.2,34.2,34,34.1,0,0.00%,41740
10/29/2013,34.1,34.25,33.85,34.1,0,0.00%,51520
10/28/2013,33.75,34.15,33.75,34.1,0.3,+0.89%,58060
10/25/2013,34.25,34.45,33.75,33.8,-0.4,-1.17%,102080
10/24/2013,34.1,34.3,33.85,34.2,0.25,+0.74%,53100
10/23/2013,33.05,34.05,32.8,33.95,0.9,+2.72%,147420
10/22/2013,33.35,33.5,32.75,33.05,0,0.00%,62980
10/21/2013,33.1,33.15,32.75,33.05,0.1,+0.30%,66540
10/18/2013,33.05,33.1,32.45,32.95,0.3,+0.92%,82240
10/17/2013,32.45,32.85,32.05,32.65,0.15,+0.46%,89560
10/16/2013,32.15,32.55,32.15,32.5,0.45,+1.40%,59100
10/15/2013,32.15,32.3,31.75,32.05,-0.1,-0.31%,88040
10/14/2013,30.9,32.2,30.8,32.15,0.8,+2.55%,97820
10/11/2013,30.1,31.5,29.9,31.35,1.1,+3.64%,96580
10/10/2013,29.75,30.25,29.6,30.25,0.9,+3.07%,78240
10/09/2013,29.5,29.65,29.35,29.35,0.05,+0.17%,50320
10/08/2013,29.4,29.6,29.25,29.3,0,0.00%,50100
10/07/2013,29.45,29.55,29.3,29.3,-0.3,-1.01%,77400
10/04/2013,29.5,29.7,29.5,29.6,0.1,+0.34%,40640
10/03/2013,30,30.1,29.5,29.5,-0.55,-1.83%,63760
10/02/2013,30.35,30.35,29.85,30.05,-0.4,-1.31%,49980
10/01/2013,29.9,30.45,29.7,30.45,0.7,+2.35%,64240
09/30/2013,29.85,29.95,29.65,29.75,-0.25,-0.83%,109260
09/27/2013,30.2,30.35,29.95,30,-0.25,-0.83%,38340
09/26/2013,30.5,30.55,30.15,30.25,-0.15,-0.49%,46340
09/25/2013,30.55,30.9,30.35,30.4,-0.05,-0.16%,66380
09/24/2013,30.4,30.75,30.2,30.45,0.15,+0.50%,74320
09/23/2013,30.45,30.65,30.05,30.3,-0.05,-0.16%,107539
09/20/2013,29.9,30.45,29.75,30.35,0.45,+1.51%,108419
09/19/2013,30.25,30.3,29.7,29.9,-0.35,-1.16%,68340
09/18/2013,30.4,30.7,30.05,30.25,-0.1,-0.33%,77020
09/17/2013,30,30.4,29.85,30.35,0.35,+1.17%,41060
09/16/2013,30.3,30.65,29.95,30,-0.45,-1.48%,68980
09/13/2013,30.35,30.55,30.1,30.45,0.25,+0.83%,61260
09/12/2013,30.25,30.3,30,30.2,-0.1,-0.33%,36840
09/11/2013,29.95,30.35,29.65,30.3,0.3,+1.00%,58200
09/10/2013,29.6,30,29.3,30,0.5,+1.69%,47880
09/09/2013,29.3,29.55,29.15,29.5,0.35,+1.20%,31440
09/06/2013,29.5,29.55,28.85,29.15,-0.15,-0.51%,37280
09/05/2013,29.15,29.45,29,29.3,0.25,+0.86%,33640
09/04/2013,29.25,29.3,28.85,29.05,-0.25,-0.85%,47280
09/03/2013,29.5,29.9,29.05,29.3,0.1,+0.34%,59120
08/30/2013,29.7,29.85,29.15,29.2,-0.55,-1.85%,68460
08/29/2013,29.65,30,29.45,29.75,0.15,+0.51%,40840
08/28/2013,29.65,29.75,29.3,29.6,0.05,+0.17%,37160
08/27/2013,30.05,30.25,29.45,29.55,-0.7,-2.31%,99100
08/26/2013,30.5,30.5,30.15,30.25,-0.15,-0.49%,32260
08/23/2013,31.05,31.25,30.2,30.4,-0.65,-2.09%,104540
08/22/2013,31.25,31.5,30.9,31.05,-0.05,-0.16%,54480
08/21/2013,31.2,31.5,30.95,31.1,-0.05,-0.16%,120160
08/20/2013,31,31.25,30.75,31.15,0.3,+0.97%,83660
08/19/2013,31.1,31.3,30.75,30.85,-0.2,-0.64%,80000
08/16/2013,30.75,31.05,30.75,31.05,0.15,+0.49%,53380
08/15/2013,31.05,31.5,30.9,30.9,-0.4,-1.28%,60920
08/14/2013,31.2,31.4,31,31.3,0.1,+0.32%,68860
08/13/2013,31.25,31.3,30.7,31.2,0.05,+0.16%,48080
08/12/2013,30.55,31.2,30.55,31.15,0.45,+1.47%,94560
08/09/2013,30.5,31.1,30.35,30.7,0.2,+0.66%,124320
08/08/2013,30.25,30.55,30.05,30.5,0.5,+1.67%,53800
08/07/2013,30,30.4,29.95,30,0.1,+0.33%,60040
08/06/2013,29.9,30,29.7,29.9,-0.05,-0.17%,32740
08/05/2013,29.7,29.95,29.6,29.95,0.15,+0.50%,36700
08/02/2013,29.3,29.9,29.25,29.8,0.3,+1.02%,47380
08/01/2013,30.1,30.15,29.3,29.5,-0.2,-0.67%,91580
07/31/2013,30,30.3,29.7,29.7,-0.1,-0.34%,85320
07/30/2013,30.05,30.15,29.65,29.8,0,0.00%,38240
07/29/2013,30.35,30.45,29.8,29.8,-0.5,-1.65%,37820
07/26/2013,30.6,30.75,30.3,30.3,-0.4,-1.30%,56680
07/25/2013,30,30.85,29.9,30.7,0.1,+0.33%,149360
07/24/2013,31.5,31.6,30.55,30.6,-0.65,-2.08%,81580
07/23/2013,30,31.25,29.9,31.25,1.4,+4.69%,163160
07/22/2013,29.55,29.95,29.5,29.85,0.25,+0.84%,47800
07/19/2013,29.5,29.8,29.45,29.6,0.2,+0.68%,61060
07/18/2013,29.3,29.65,29.2,29.4,0.3,+1.03%,57680
07/17/2013,29.2,29.5,29,29.1,0.05,+0.17%,33240
07/16/2013,29.3,29.35,28.8,29.05,-0.15,-0.51%,47700
07/15/2013,29,29.25,28.85,29.2,0.3,+1.04%,47860
07/12/2013,28.75,28.95,28.75,28.9,0.15,+0.52%,29120
07/11/2013,29,29,28.55,28.75,0,0.00%,45480
07/10/2013,28.8,28.9,28.6,28.75,0,0.00%,47520
07/09/2013,28.7,28.8,28.45,28.75,0.25,+0.88%,51960
07/08/2013,28.7,28.8,28.25,28.5,-0.1,-0.35%,81320
07/05/2013,28.25,28.6,28.05,28.6,0.6,+2.14%,68260
07/03/2013,27.65,28,27.55,28,0.3,+1.08%,29080
07/02/2013,27.75,28.15,27.55,27.7,-0.15,-0.54%,87920
07/01/2013,27.4,27.9,27.3,27.85,0.65,+2.39%,48180
06/28/2013,27.35,27.55,27.2,27.2,-0.15,-0.55%,110320
06/27/2013,27.25,27.45,27.15,27.35,0.2,+0.74%,46180
06/26/2013,27.65,27.7,27.15,27.15,-0.35,-1.27%,36060
06/25/2013,27.25,27.5,27,27.5,0.5,+1.85%,66160
06/24/2013,26.65,27.2,26.45,27,0.25,+0.93%,120140
06/21/2013,26.8,27.1,26.5,26.75,0.1,+0.38%,137040
06/20/2013,26.7,26.9,26.6,26.65,-0.35,-1.30%,46720
06/19/2013,27.15,27.2,26.75,27,-0.05,-0.18%,30100
06/18/2013,26.85,27.1,26.75,27.05,0.25,+0.93%,38480
06/17/2013,27,27.2,26.65,26.8,0,0.00%,26280
06/14/2013,27.05,27.4,26.65,26.8,-0.25,-0.92%,111360
06/13/2013,27.05,27.15,26.9,27.05,0.1,+0.37%,73280
06/12/2013,27.5,27.6,26.9,26.95,-0.4,-1.46%,55540
06/11/2013,27.8,28.05,27.25,27.35,-0.65,-2.32%,66460
06/10/2013,27.9,28.05,27.55,28,0.1,+0.36%,37700
06/07/2013,27.85,27.9,27.55,27.9,0.2,+0.72%,26900
06/06/2013,27.55,27.8,27.3,27.7,0.25,+0.91%,38980
06/05/2013,27.7,27.9,27.45,27.45,-0.55,-1.96%,47980
06/04/2013,28.5,28.65,28,28,-0.45,-1.58%,71900
06/03/2013,28.1,28.55,27.9,28.45,0.5,+1.79%,95460
05/31/2013,28.05,28.25,27.9,27.95,-0.2,-0.71%,44560
05/30/2013,28.25,28.45,28.1,28.15,-0.1,-0.35%,39380
05/29/2013,28.35,28.5,28.15,28.25,-0.2,-0.70%,53120
05/28/2013,28.65,28.65,28.05,28.45,0.25,+0.89%,53980
05/24/2013,27.9,28.35,27.85,28.2,0.2,+0.71%,59220
05/23/2013,27.75,28.1,27.55,28,0.2,+0.72%,47740
05/22/2013,28.35,28.7,27.8,27.8,-0.45,-1.59%,69500
05/21/2013,28.25,28.4,28.1,28.25,0.1,+0.36%,36760
05/20/2013,28.25,28.3,27.85,28.15,-0.1,-0.35%,76800
05/17/2013,28.2,28.3,28.1,28.25,0.25,+0.89%,63760
05/16/2013,27.75,28.2,27.6,28,0.15,+0.54%,31700
05/15/2013,27.75,28,27.5,27.85,0.15,+0.54%,52560
05/14/2013,27.5,27.75,27.45,27.7,0.45,+1.65%,58560
05/13/2013,27.45,27.5,27.1,27.25,-0.15,-0.55%,67880
05/10/2013,27.75,27.95,27.35,27.4,-0.3,-1.08%,58940
05/09/2013,27.85,27.85,27.55,27.7,-0.1,-0.36%,35200
05/08/2013,27.7,27.95,27.45,27.8,0.05,+0.18%,57840
05/07/2013,27.4,27.75,27.25,27.75,0.5,+1.83%,61000
05/06/2013,27.1,27.35,27.05,27.25,0.2,+0.74%,50640
05/03/2013,26.75,27.35,26.7,27.05,0.45,+1.69%,92040
05/02/2013,26.55,26.75,26.25,26.6,0.45,+1.72%,72900
05/01/2013,26.8,26.9,25.9,26.15,-0.65,-2.43%,253880
04/30/2013,26.55,26.8,26.35,26.8,0.35,+1.32%,56060
04/29/2013,26.45,26.9,26.3,26.45,0.2,+0.76%,66320
04/26/2013,26.55,26.7,26.2,26.25,-0.3,-1.13%,60600
04/25/2013,26.65,26.75,26.4,26.55,0,0.00%,40700
04/24/2013,26.75,26.75,26.4,26.55,-0.2,-0.75%,43560
04/23/2013,26.45,26.75,26.4,26.75,0.4,+1.52%,73300
04/22/2013,26.2,26.45,25.7,26.35,0.25,+0.96%,187620
04/19/2013,25.8,26.15,25.8,26.1,0.2,+0.77%,59800
04/18/2013,26.2,26.2,25.85,25.9,-0.2,-0.77%,58520
04/17/2013,26.3,26.7,25.75,26.1,-0.35,-1.32%,144420
04/16/2013,26.6,26.75,26.25,26.45,0.2,+0.76%,49520
04/15/2013,26.8,26.9,26.25,26.25,-0.65,-2.42%,79420
04/12/2013,26.95,27,26.8,26.9,-0.05,-0.19%,41000
04/11/2013,27.15,27.15,26.8,26.95,-0.1,-0.37%,43900
04/10/2013,26.6,27.15,26.6,27.05,0.5,+1.88%,64060
04/09/2013,27.05,27.15,26.55,26.55,-0.4,-1.48%,71480
04/08/2013,27.1,27.1,26.7,26.95,0,0.00%,49920
04/05/2013,26.85,27.05,26.6,26.95,-0.1,-0.37%,74180
04/04/2013,27.1,27.2,26.95,27.05,0,0.00%,55260
04/03/2013,27.5,27.5,27.05,27.05,-0.25,-0.92%,44560
04/02/2013,27.65,27.75,27.2,27.3,-0.1,-0.36%,52380
04/01/2013,28.05,28.05,27.15,27.4,-0.5,-1.79%,91920
03/28/2013,28.25,28.25,27.75,27.9,-0.25,-0.89%,59300
03/27/2013,27.95,28.2,27.85,28.15,-0.05,-0.18%,21160
03/26/2013,28.15,28.25,27.85,28.2,0.1,+0.36%,52880
03/25/2013,28.1,28.15,27.8,28.1,0.05,+0.18%,45440
03/22/2013,28.05,28.1,27.9,28.05,0.15,+0.54%,57120
03/21/2013,27.95,28.1,27.8,27.9,-0.1,-0.36%,51840
03/20/2013,27.65,28,27.5,28,0.55,+2.00%,105860
03/19/2013,27.3,27.75,27.15,27.45,0.2,+0.73%,241400
03/18/2013,27.15,27.25,26.85,27.25,0.1,+0.37%,112600
03/15/2013,27.1,27.2,26.85,27.15,0.1,+0.37%,102180
03/14/2013,26.8,27.15,26.65,27.05,0.2,+0.74%,51460
03/13/2013,26.75,26.95,26.65,26.85,0.05,+0.19%,51440
03/12/2013,26.65,26.8,26.5,26.8,0.05,+0.19%,37000
03/11/2013,26.6,26.75,26.15,26.75,0.1,+0.38%,28700
03/08/2013,26.7,26.7,26.3,26.65,0.15,+0.57%,50480
03/07/2013,26.45,26.5,26.25,26.5,-0.05,-0.19%,35180
03/06/2013,26.5,26.7,26.2,26.55,0.05,+0.19%,47220
03/05/2013,26.4,26.65,26.3,26.5,0.2,+0.76%,60840
03/04/2013,26,26.45,25.9,26.3,-0.1,-0.38%,51920
03/01/2013,25.95,26.45,25.65,26.4,0.4,+1.54%,155420
02/28/2013,26.65,26.65,26,26,-0.6,-2.26%,120400
02/27/2013,26.6,26.8,26.35,26.6,-0.25,-0.93%,53120
02/26/2013,26.7,27,26.6,26.85,0.2,+0.75%,49880
02/25/2013,26.9,27.1,26.6,26.65,-0.3,-1.11%,64440
02/22/2013,26.85,26.95,26.55,26.95,0.3,+1.13%,46740
02/21/2013,26.65,26.8,26.4,26.65,-0.05,-0.19%,73860
02/20/2013,27.25,27.25,26.7,26.7,-0.45,-1.66%,95540
02/19/2013,26.7,27.15,26.65,27.15,0.5,+1.88%,70320
02/15/2013,26.65,26.65,26.3,26.65,0.2,+0.76%,60840
02/14/2013,26.25,26.6,26.2,26.45,0.05,+0.19%,34800
02/13/2013,26.6,26.6,26.15,26.4,-0.2,-0.75%,30400
02/12/2013,26.35,26.65,26.1,26.6,0.35,+1.33%,44060
02/11/2013,26.2,26.45,26.1,26.25,0.1,+0.38%,28200
02/08/2013,26.35,26.45,26.1,26.15,-0.1,-0.38%,42980
02/07/2013,26.45,26.6,26.15,26.25,-0.05,-0.19%,41780
02/06/2013,26.2,26.35,26.1,26.3,-0.05,-0.19%,61400
02/05/2013,26.25,26.5,26.1,26.35,0.2,+0.76%,66780
02/04/2013,26.15,26.4,26.05,26.15,-0.25,-0.95%,53240
02/01/2013,26.55,26.6,26,26.4,-0.05,-0.19%,269800
01/31/2013,26.05,26.55,26,26.45,0.45,+1.73%,119299
01/30/2013,26.25,26.35,25.9,26,-0.35,-1.33%,49260
01/29/2013,25.95,26.35,25.85,26.35,0.45,+1.74%,85220
01/28/2013,25.9,26.2,25.7,25.9,0.15,+0.58%,83040
01/25/2013,26.05,26.05,25.7,25.75,-0.15,-0.58%,64620
01/24/2013,26,26.2,25.8,25.9,-0.15,-0.58%,70000
01/23/2013,26.35,26.5,25.95,26.05,-0.35,-1.33%,95340
01/22/2013,26.3,26.5,26.15,26.4,0.15,+0.57%,65760
01/18/2013,26.15,26.35,26.05,26.25,0.05,+0.19%,52240
01/17/2013,26.2,26.25,26,26.2,0.15,+0.58%,51720
01/16/2013,26.1,26.25,25.85,26.05,-0.1,-0.38%,36900
01/15/2013,25.95,26.25,25.75,26.15,0.15,+0.58%,37680
01/14/2013,26,26.25,25.75,26,0.1,+0.39%,52080
01/11/2013,26.6,26.85,25.75,25.9,-0.85,-3.18%,250400
01/10/2013,26.95,27.05,26.65,26.75,-0.05,-0.19%,48600
01/09/2013,26.55,26.85,26.5,26.8,0.25,+0.94%,57080
01/08/2013,26.8,26.95,26.5,26.55,-0.15,-0.56%,46860
01/07/2013,26.95,27.45,26.65,26.7,-0.45,-1.66%,70760
01/04/2013,27.45,27.65,27.05,27.15,-0.05,-0.18%,64200
01/03/2013,27.4,27.45,27.05,27.2,-0.1,-0.37%,195680
01/02/2013,27.05,27.45,26.65,27.3,0.9,+3.41%,115080
12/31/2012,26.05,26.45,25.8,26.4,0.3,+1.15%,79220
12/28/2012,26,26.4,25.8,26.1,-0.1,-0.38%,23360
12/27/2012,25.95,26.25,25.6,26.2,0.35,+1.35%,44840
12/26/2012,26.15,26.2,25.8,25.85,-0.35,-1.34%,40760
12/24/2012,26.05,26.25,25.8,26.2,0,0.00%,20900
12/21/2012,26.55,26.6,25.8,26.2,-0.5,-1.87%,215700
12/20/2012,26.35,26.7,25.85,26.7,0.3,+1.14%,45460
12/19/2012,26.25,26.5,26,26.4,0,0.00%,43780
12/18/2012,25.9,26.4,25.8,26.4,0.5,+1.93%,39980
12/17/2012,25.65,25.9,25.45,25.9,0.4,+1.57%,69940
12/14/2012,25.5,25.95,25.45,25.5,-0.1,-0.39%,34100
12/13/2012,25.85,26.1,25.55,25.6,-0.3,-1.16%,33620
12/12/2012,26.1,26.25,25.75,25.9,0,0.00%,36660
12/11/2012,25.8,26.2,25.65,25.9,0.15,+0.58%,52140
12/10/2012,25.65,25.8,25.55,25.75,0.15,+0.59%,35200
12/07/2012,26.15,26.15,25.4,25.6,-0.3,-1.16%,43640
12/06/2012,26.15,26.4,25.8,25.9,-0.25,-0.96%,19740
12/05/2012,26.2,26.35,25.75,26.15,-0.2,-0.76%,36260
12/04/2012,26.45,26.45,26,26.35,0.2,+0.76%,48560
12/03/2012,26.55,26.55,26.1,26.15,-0.2,-0.76%,48560
11/30/2012,26.5,26.5,26.05,26.35,-0.05,-0.19%,57480
11/29/2012,26.2,26.55,26,26.4,0.45,+1.73%,37340
11/28/2012,26,26.25,25.75,25.95,-0.15,-0.57%,36660
11/27/2012,26.3,26.55,26.1,26.1,-0.3,-1.14%,60200
11/26/2012,26.3,26.4,26.2,26.4,0.1,+0.38%,29980
11/23/2012,25.75,26.3,25.75,26.3,0.5,+1.94%,20460
11/21/2012,25.8,26,25.75,25.8,-0.05,-0.19%,14440
11/20/2012,25.8,26.15,25.65,25.85,-0.15,-0.58%,28000
11/19/2012,25.95,26.25,25.85,26,0.35,+1.36%,45980
11/16/2012,25.5,25.7,25.25,25.65,0.1,+0.39%,48880
11/15/2012,25.45,26.15,25.45,25.55,0.1,+0.39%,63640
11/14/2012,26.4,26.65,25.3,25.45,-1,-3.78%,121360
11/13/2012,26.95,26.95,26.4,26.45,-0.35,-1.31%,36800
11/12/2012,26.7,27,26.6,26.8,0.1,+0.37%,21700
11/09/2012,26.65,27.15,26.6,26.7,-0.05,-0.19%,56260
11/08/2012,27.1,27.5,26.65,26.75,-0.3,-1.11%,67280
11/07/2012,27.65,27.8,27.05,27.05,-0.95,-3.39%,69920
11/06/2012,27.95,28.15,27.85,28,0.2,+0.72%,66500
11/05/2012,27.9,28.1,27.6,27.8,0,0.00%,33180
11/02/2012,28.3,28.4,27.7,27.8,-0.45,-1.59%,54720
11/01/2012,27.9,28.3,27.85,28.25,0.35,+1.25%,69360
10/31/2012,28.15,28.2,27.65,27.9,-0.35,-1.24%,60980
10/26/2012,28.45,28.45,28.05,28.25,-0.15,-0.53%,24620
10/25/2012,28.35,28.4,27.95,28.4,0.3,+1.07%,17420
10/24/2012,28.05,28.3,27.95,28.1,0.1,+0.36%,35420
10/23/2012,28.15,28.3,27.8,28,-0.3,-1.06%,46540
10/22/2012,28.5,28.7,28.05,28.3,-0.2,-0.70%,70100
10/19/2012,28.35,28.75,28.3,28.5,0,0.00%,69840
10/18/2012,28.7,28.85,28.45,28.5,-0.3,-1.04%,57080
10/17/2012,28.7,28.9,28.5,28.8,0.2,+0.70%,28280
10/16/2012,28.75,28.95,28.45,28.6,-0.15,-0.52%,42300
10/15/2012,28.6,28.85,28.45,28.75,0.25,+0.88%,36640
10/12/2012,28.7,28.8,28.4,28.5,-0.25,-0.87%,129000
10/11/2012,29.05,29.05,28.65,28.75,0,0.00%,22040
10/10/2012,28.75,29,28.6,28.75,0.15,+0.52%,31360
10/09/2012,29.15,29.35,28.6,28.6,-0.6,-2.05%,32880
10/08/2012,28.9,29.25,28.85,29.2,0.1,+0.34%,13400
10/05/2012,29.1,29.6,28.95,29.1,0,0.00%,43760
10/04/2012,28.8,29.1,28.65,29.1,0.25,+0.87%,36200
10/03/2012,28.95,29.05,28.55,28.85,-0.15,-0.52%,45680
10/02/2012,29.05,29.05,28.85,29,0.15,+0.52%,36540
10/01/2012,28.85,29,28.65,28.85,0.3,+1.05%,36980
09/28/2012,28.65,28.9,28.45,28.55,-0.3,-1.04%,64880
09/27/2012,29.15,29.5,28.75,28.85,-0.25,-0.86%,67720
09/26/2012,29.5,29.5,28.8,29.1,0.05,+0.17%,38100
09/25/2012,29.65,29.7,29.05,29.05,-0.45,-1.53%,68320
09/24/2012,29.55,30,29.3,29.5,-0.05,-0.17%,45740
09/21/2012,29.7,29.95,29.5,29.55,0.25,+0.85%,110480
09/20/2012,29.3,29.5,29.1,29.3,-0.05,-0.17%,29060
09/19/2012,29.45,29.7,29.25,29.35,-0.1,-0.34%,35540
09/18/2012,29.05,29.45,29,29.45,0.3,+1.03%,41180
09/17/2012,29.3,29.4,29.05,29.15,-0.3,-1.02%,31360
09/14/2012,29.2,29.55,28.95,29.45,0.35,+1.20%,66280
09/13/2012,28.95,29.35,28.35,29.1,0.25,+0.87%,86360
09/12/2012,28.6,28.9,28.6,28.85,0.3,+1.05%,50500
09/11/2012,28.75,28.8,28.4,28.55,-0.1,-0.35%,36100
09/10/2012,28.55,28.7,28.4,28.65,0,0.00%,38120
09/07/2012,28.65,28.65,28.25,28.65,0.15,+0.53%,34840
09/06/2012,28,28.55,27.7,28.5,0.65,+2.33%,56160
09/05/2012,28.05,28.05,27.6,27.85,-0.2,-0.71%,45000
09/04/2012,27.85,28.25,27.8,28.05,0.15,+0.54%,37300
08/31/2012,28.2,28.2,27.9,27.9,-0.1,-0.36%,30460
08/30/2012,28.1,28.2,27.9,28,-0.2,-0.71%,40280
08/29/2012,28,28.25,28,28.2,0.2,+0.71%,25440
08/28/2012,27.9,28.1,27.8,28,0,0.00%,24060
08/27/2012,28,28.2,27.7,28,0.05,+0.18%,23400
08/24/2012,27.8,28.05,27.8,27.95,0.1,+0.36%,17060
08/23/2012,28.25,28.25,27.85,27.85,-0.35,-1.24%,32500
08/22/2012,28.35,28.4,28.15,28.2,-0.25,-0.88%,21840
08/21/2012,28.75,28.8,28.4,28.45,-0.25,-0.87%,41020
08/20/2012,28.65,28.75,28.5,28.7,-0.05,-0.17%,27620
08/17/2012,28.4,28.75,28.4,28.75,0.25,+0.88%,52780
08/16/2012,28.4,28.6,28.2,28.5,-0.05,-0.18%,47120
08/15/2012,28.2,28.55,28.15,28.55,0.2,+0.71%,36760
08/14/2012,28.55,28.65,28.2,28.35,-0.2,-0.70%,52500
08/13/2012,28.35,28.55,28.05,28.55,0.1,+0.35%,33040
08/10/2012,27.95,28.55,27.75,28.45,0.5,+1.79%,76640
08/09/2012,27.9,28.05,27.85,27.95,0.05,+0.18%,35420
08/08/2012,27.7,28,27.2,27.9,0.15,+0.54%,34900
08/07/2012,27.75,27.85,27.65,27.75,0.2,+0.73%,64360
08/06/2012,27.55,27.75,27.45,27.55,0.05,+0.18%,40420
08/03/2012,27.1,27.7,27,27.5,0.65,+2.42%,63520
08/02/2012,27,27.15,26.7,26.85,-0.15,-0.56%,38460
08/01/2012,27.65,27.75,27,27,-0.55,-2.00%,57000
07/31/2012,27.5,27.75,27.45,27.55,-0.1,-0.36%,39020
07/30/2012,27.95,27.95,27.65,27.65,-0.25,-0.90%,20040
07/27/2012,27.65,27.95,27.35,27.9,0.45,+1.64%,61440
07/26/2012,27.65,27.65,27.3,27.45,0.05,+0.18%,37740
07/25/2012,27.65,27.75,27.4,27.4,-0.15,-0.54%,26000
07/24/2012,27.85,28.25,27.5,27.55,-0.05,-0.18%,42620
07/23/2012,28.25,28.25,27.5,27.6,-0.5,-1.78%,34440
07/20/2012,28.15,28.5,28,28.1,-0.2,-0.71%,58620
07/19/2012,28.45,28.5,28.2,28.3,-0.3,-1.05%,49840
07/18/2012,28.65,28.75,28.35,28.6,0,0.00%,48500
07/17/2012,28.7,28.7,28.3,28.6,0.05,+0.18%,37920
07/16/2012,28.7,28.7,28.45,28.55,-0.15,-0.52%,47760
07/13/2012,28.45,28.85,28.35,28.7,0.3,+1.06%,80760
07/12/2012,28.15,28.45,27.8,28.4,0.1,+0.35%,59400
07/11/2012,28.3,28.35,27.85,28.3,0.05,+0.18%,56500
07/10/2012,28.1,28.25,27.9,28.25,0.15,+0.53%,59920
07/09/2012,28.1,28.1,27.8,28.1,0,0.00%,53280
07/06/2012,27.85,28.1,27.7,28.1,0,0.00%,30020
07/05/2012,28.05,28.2,27.9,28.1,0.1,+0.36%,46580
07/03/2012,27.9,28.1,27.55,28,0.15,+0.54%,34380
07/02/2012,27.5,27.85,27,27.85,0.55,+2.01%,68400
06/29/2012,26.8,27.45,26.5,27.3,0.7,+2.63%,104140
06/28/2012,26.3,26.6,26.1,26.6,0,0.00%,35240
06/27/2012,26.1,26.65,25.9,26.6,0.7,+2.70%,60160
06/26/2012,26.35,26.7,25.85,25.9,-0.35,-1.33%,70940
06/25/2012,26.3,26.5,26.15,26.25,-0.5,-1.87%,25080
06/22/2012,26.45,26.9,26.15,26.75,0.55,+2.10%,121480
06/21/2012,26.95,26.95,26.1,26.2,-0.7,-2.60%,37360
06/20/2012,27,27.2,26.7,26.9,-0.05,-0.19%,24000
06/19/2012,26.5,27.15,26.4,26.95,0.55,+2.08%,39700
06/18/2012,26.65,26.7,26.3,26.4,-0.5,-1.86%,38900
06/15/2012,26.4,26.95,26.3,26.9,0.6,+2.28%,95960
06/14/2012,25.9,26.35,25.75,26.3,0.5,+1.94%,44500
06/13/2012,25.8,26.35,25.7,25.8,0,0.00%,34860
06/12/2012,26.1,26.15,25.7,25.8,-0.1,-0.39%,36400
06/11/2012,26.6,26.65,25.85,25.9,-0.35,-1.33%,55000
06/08/2012,25.85,26.3,25.65,26.25,0.3,+1.16%,30720
06/07/2012,26,26.25,25.8,25.95,0.15,+0.58%,64160
06/06/2012,25.75,25.8,25.5,25.8,0.15,+0.58%,52560
06/05/2012,25.4,25.8,25.4,25.65,0.05,+0.20%,36280
06/04/2012,25.3,26.1,25.3,25.6,0.5,+1.99%,39080
06/01/2012,25.4,25.6,25.05,25.1,-0.8,-3.09%,65100
05/31/2012,25.95,26.05,25.5,25.9,0.15,+0.58%,56280
05/30/2012,26.05,26.1,25.65,25.75,-0.75,-2.83%,47200
05/29/2012,26.65,26.65,26.05,26.5,0.15,+0.57%,39320
05/25/2012,26.6,26.7,26.25,26.35,-0.15,-0.57%,52960
05/24/2012,26.15,26.55,25.85,26.5,0.45,+1.73%,40580
05/23/2012,25.75,26.1,25.4,26.05,0.1,+0.39%,38500
05/22/2012,26.45,26.65,25.8,25.95,-0.4,-1.52%,69600
05/21/2012,26.35,26.7,26.2,26.35,0.05,+0.19%,43960
05/18/2012,26.45,26.9,26.25,26.3,-0.25,-0.94%,67360
05/17/2012,26.8,26.9,26.5,26.55,-0.15,-0.56%,69780
05/16/2012,26.65,26.95,26.6,26.7,0,0.00%,27160
05/15/2012,26.55,26.9,26.55,26.7,0.1,+0.38%,24920
05/14/2012,26.7,26.85,26.5,26.6,-0.25,-0.93%,78140
05/11/2012,27,27.25,26.75,26.85,-0.3,-1.10%,44220
05/10/2012,27.45,27.5,27.1,27.15,-0.05,-0.18%,42980
05/09/2012,27.05,27.35,26.85,27.2,-0.1,-0.37%,40100
05/08/2012,26.95,27.4,26.85,27.3,0.25,+0.92%,54020
05/07/2012,26.55,27.4,26.55,27.05,0.55,+2.08%,49960
05/04/2012,26.7,27,26.5,26.5,-0.3,-1.12%,50940
05/03/2012,26.9,27.05,26.75,26.8,-0.2,-0.74%,47660
05/02/2012,27.2,27.35,26.85,27,-0.25,-0.92%,50180
05/01/2012,27.3,27.85,27.2,27.25,-0.1,-0.37%,85940
04/30/2012,27.9,28.05,27.15,27.35,-0.5,-1.80%,107300
04/27/2012,27.85,28.05,27.65,27.85,-0.05,-0.18%,70660
04/26/2012,28,28.05,27.85,27.9,-0.1,-0.36%,33840
04/25/2012,28.3,28.4,27.95,28,0.05,+0.18%,56120
04/24/2012,27.9,28.25,27.8,27.95,0.15,+0.54%,80940
04/23/2012,27.75,28.1,27.7,27.8,-0.35,-1.24%,49160
04/20/2012,28.45,28.65,27.9,28.15,0.2,+0.72%,94440
04/19/2012,28.05,28.55,27.75,27.95,0,0.00%,47880
04/18/2012,28.5,28.5,27.95,27.95,-0.75,-2.61%,34340
04/17/2012,28.5,28.85,28.35,28.7,0.55,+1.95%,44620
04/16/2012,28.2,28.45,27.8,28.15,0.25,+0.90%,22120
04/13/2012,28.55,28.55,27.85,27.9,-0.85,-2.96%,49080
04/12/2012,28.35,28.85,28.15,28.75,0.5,+1.77%,61820
04/11/2012,28.25,28.45,28.1,28.25,0.35,+1.25%,49320
04/10/2012,28.45,28.65,27.9,27.9,-0.55,-1.93%,114259
04/09/2012,28.55,28.7,28.15,28.45,-0.45,-1.56%,78840
04/05/2012,28.6,28.9,28.55,28.9,0.1,+0.35%,62360
04/04/2012,28.75,29,28.55,28.8,-0.35,-1.20%,61040
04/03/2012,29.25,29.3,28.9,29.15,-0.15,-0.51%,78940
04/02/2012,28.55,29.3,28.1,29.3,0.75,+2.63%,111720
03/30/2012,28.5,28.6,28.2,28.55,0.2,+0.71%,85980
03/29/2012,28.25,28.45,27.85,28.35,0,0.00%,90080
03/28/2012,28.15,28.4,28,28.35,0.3,+1.07%,80900
03/27/2012,27.95,28.25,27.75,28.05,0.1,+0.36%,76360
03/26/2012,27.7,28.15,27.6,27.95,0.45,+1.64%,50140
03/23/2012,27.2,27.55,26.9,27.5,0.3,+1.10%,41500
03/22/2012,27.55,27.75,27,27.2,-0.65,-2.33%,38880
03/21/2012,27.75,28,27.55,27.85,0.05,+0.18%,31600
03/20/2012,27.85,28.1,27.7,27.8,-0.3,-1.07%,30040
03/19/2012,27.65,28.2,27.5,28.1,0.4,+1.44%,47420
03/16/2012,28,28.1,27.55,27.7,-0.2,-0.72%,102380
03/15/2012,27.4,28.1,27.35,27.9,0.25,+0.90%,31200
03/14/2012,27.8,27.95,27.4,27.65,-0.35,-1.25%,41040
03/13/2012,27,28.05,27,28,1.2,+4.48%,62320
03/12/2012,26.8,26.9,26.6,26.8,0,0.00%,23820
03/09/2012,26.4,27.1,26.25,26.8,0.45,+1.71%,50340
03/08/2012,26.35,26.5,25.95,26.35,0.2,+0.76%,42360
03/07/2012,26,26.35,25.7,26.15,0.4,+1.55%,40000
03/06/2012,26.15,26.4,25.75,25.75,-0.65,-2.46%,59760
03/05/2012,25.9,26.5,25.8,26.4,0.4,+1.54%,33200
03/02/2012,26.75,26.95,25.8,26,-0.8,-2.99%,90100
03/01/2012,26.85,27.45,26.75,26.8,0,0.00%,61520
02/29/2012,27.55,27.7,26.75,26.8,-0.95,-3.42%,83660
02/28/2012,27.8,27.85,27.55,27.75,0.05,+0.18%,123640
02/27/2012,27.75,28,27.6,27.7,-0.3,-1.07%,57180
02/24/2012,28.05,28.35,28,28,-0.35,-1.23%,21060
02/23/2012,27.85,28.4,27.8,28.35,0.55,+1.98%,35840
02/22/2012,28.05,28.25,27.75,27.8,-0.45,-1.59%,52960
02/21/2012,28.45,28.75,28.05,28.25,-0.35,-1.22%,35460
02/17/2012,28.5,28.7,28.4,28.6,0,0.00%,29800
02/16/2012,27.45,28.7,27.45,28.6,1.1,+4.00%,49180
02/15/2012,28.1,28.1,27.4,27.5,-0.45,-1.61%,45640
02/14/2012,28.1,28.2,27.6,27.95,-0.3,-1.06%,43260
02/13/2012,28.1,28.45,27.9,28.25,0.35,+1.25%,44600
02/10/2012,28.6,28.7,27.85,27.9,-0.85,-2.96%,41440
02/09/2012,28.85,29,28.5,28.75,-0.15,-0.52%,27720
02/08/2012,28.85,29.2,28.7,28.9,0,0.00%,46800
02/07/2012,29.25,29.35,28.9,28.9,-0.4,-1.37%,32200
02/06/2012,29.35,29.5,28.85,29.3,-0.3,-1.01%,29900
02/03/2012,29,29.65,28.6,29.6,0.9,+3.14%,68920
02/02/2012,28.45,28.85,28.05,28.7,0.25,+0.88%,68280
02/01/2012,27.95,28.6,27.75,28.45,0.55,+1.97%,80760
01/31/2012,28.3,28.35,27.65,27.9,-0.15,-0.53%,38620
01/30/2012,27.6,28.15,27.5,28.05,0.05,+0.18%,35040
01/27/2012,27.5,28.1,27.35,28,0.35,+1.27%,36380
01/26/2012,28.05,28.3,27.25,27.65,-0.45,-1.60%,81560
01/25/2012,27.9,28.65,27.75,28.1,0.05,+0.18%,92100
01/24/2012,28.2,28.75,27.65,28.05,-0.85,-2.94%,125040
01/23/2012,28.8,29.05,28.5,28.9,0.15,+0.52%,23060
01/20/2012,28.2,29.05,28.2,28.75,0.5,+1.77%,37900
01/19/2012,28.4,28.45,27.9,28.25,-0.05,-0.18%,32500
01/18/2012,28.25,28.4,28.1,28.3,0.1,+0.35%,38380
01/17/2012,28.6,28.65,28.15,28.2,-0.35,-1.23%,71900
01/13/2012,28.5,28.7,28.25,28.55,-0.4,-1.38%,66000
01/12/2012,28.85,29,28.4,28.95,0.2,+0.70%,41120
01/11/2012,28.85,28.95,28.25,28.75,0,0.00%,58200
01/10/2012,28.7,29,28.6,28.75,0.05,+0.17%,57080
01/09/2012,28.15,28.75,28.15,28.7,0.3,+1.06%,52300
01/06/2012,28.4,28.55,28.1,28.4,-0.1,-0.35%,79940
01/05/2012,28.2,28.55,28,28.5,0.15,+0.53%,48040
01/04/2012,28.5,28.55,28.15,28.35,-0.25,-0.87%,29060
01/03/2012,28.4,28.75,28.1,28.6,0.55,+1.96%,85360
12/30/2011,28.15,28.25,27.65,28.05,-0.25,-0.88%,50560
12/29/2011,27.95,28.3,27.75,28.3,0.55,+1.98%,55800
12/28/2011,28.1,28.1,27.55,27.75,-0.25,-0.89%,70020
12/27/2011,27.7,28.2,27.6,28,0.05,+0.18%,29740
12/23/2011,28.15,28.2,27.5,27.95,-0.05,-0.18%,19280
12/22/2011,27.9,28.2,27.65,28,0.2,+0.72%,87000
12/21/2011,27.5,27.95,27.2,27.8,0.1,+0.36%,58040
12/20/2011,27,27.75,26.85,27.7,1.15,+4.33%,82500
12/19/2011,26.85,27.1,26.5,26.55,0,0.00%,56920
12/16/2011,26.95,27.35,26.3,26.55,-0.2,-0.75%,253560
12/15/2011,26.55,26.9,26.4,26.75,0.7,+2.69%,51240
12/14/2011,26.45,27,26.05,26.05,-0.45,-1.70%,56140
12/13/2011,27.05,27.4,26.35,26.5,-0.55,-2.03%,50260
12/12/2011,26.7,27.15,26.5,27.05,-0.1,-0.37%,44360
12/09/2011,26.4,27.3,26.25,27.15,0.9,+3.43%,69760
12/08/2011,26.95,27.25,26.15,26.25,-0.95,-3.49%,78740
12/07/2011,26.2,27.25,26.1,27.2,0.6,+2.26%,44940
12/06/2011,26.6,26.8,26.15,26.6,0,0.00%,61580
12/05/2011,26.35,26.8,26.25,26.6,0.2,+0.76%,60040
12/02/2011,26.2,26.5,25.75,26.4,0.5,+1.93%,43700
12/01/2011,26.15,26.3,25.75,25.9,-0.45,-1.71%,61120
11/30/2011,25.8,26.35,25.2,26.35,1.05,+4.15%,168100
11/29/2011,25.55,25.55,24.9,25.3,-0.2,-0.78%,152600
11/28/2011,24.6,25.5,24.6,25.5,1.8,+7.59%,87920
11/25/2011,23.75,24.3,23.7,23.7,-0.1,-0.42%,31660
11/23/2011,24.55,24.65,23.75,23.8,-0.85,-3.45%,95720
11/22/2011,24.85,25.1,24.5,24.65,-0.05,-0.20%,35640
11/21/2011,24.9,25.1,24.5,24.7,-0.55,-2.18%,51240
11/18/2011,25.25,25.35,24.9,25.25,0,0.00%,79060
11/17/2011,25.3,25.85,25.05,25.25,0,0.00%,37780
11/16/2011,25.4,25.95,25.25,25.25,-0.45,-1.75%,43880
11/15/2011,25.25,25.75,24.9,25.7,0.5,+1.98%,36600
11/14/2011,25.55,25.6,24.85,25.2,-0.5,-1.95%,44760
11/11/2011,25.35,25.75,25.15,25.7,0.65,+2.59%,45760
11/10/2011,24.95,25.5,24.8,25.05,0.55,+2.24%,36240
11/09/2011,25.7,25.7,24.5,24.5,-1.4,-5.41%,98200
11/08/2011,25.95,26.05,25.1,25.9,0.1,+0.39%,67460
11/07/2011,25.3,25.85,25,25.8,0.35,+1.38%,31500
11/04/2011,25.2,25.55,24.75,25.45,-0.05,-0.20%,39080
11/03/2011,25.35,25.6,24.55,25.5,0.4,+1.59%,70960
11/02/2011,24.7,25.15,24.5,25.1,0.85,+3.51%,57860
11/01/2011,24.2,24.75,23.85,24.25,-0.55,-2.22%,155060
10/31/2011,24.7,25.3,24.6,24.8,-0.3,-1.20%,53280
10/28/2011,25.7,25.75,25.05,25.1,-0.6,-2.33%,65280
10/27/2011,24.75,25.85,24.4,25.7,1.5,+6.20%,169260
10/26/2011,23.35,24.3,23.35,24.2,0.9,+3.86%,90820
10/25/2011,24.05,24.2,23.1,23.3,-0.9,-3.72%,84320
10/24/2011,24.25,24.3,23.6,24.2,-0.05,-0.21%,89520
10/21/2011,24.25,24.25,23.75,24.25,0.45,+1.89%,55660
10/20/2011,23.85,24.15,23.05,23.8,0.05,+0.21%,55720
10/19/2011,23.8,24.05,23.3,23.75,-0.05,-0.21%,56100
10/18/2011,23.1,24.1,23.1,23.8,0.9,+3.93%,73620
10/17/2011,23.6,23.6,22.85,22.9,-0.85,-3.58%,56860
10/14/2011,23.7,23.75,23.25,23.75,0.35,+1.50%,52720
10/13/2011,23.45,23.6,23.1,23.4,-0.3,-1.27%,50720
10/12/2011,23.25,23.8,22.95,23.7,0.6,+2.60%,90400
10/11/2011,22.85,23.25,22.5,23.1,-0.05,-0.22%,46540
10/10/2011,22.65,23.25,22.2,23.15,1.05,+4.75%,55640
10/07/2011,23.3,23.35,22,22.1,-1.2,-5.15%,61180
10/06/2011,23.1,23.4,22.6,23.3,0.2,+0.87%,68580
10/05/2011,23.45,23.5,22.6,23.1,-0.3,-1.28%,59120
10/04/2011,21.8,23.45,21.3,23.4,2.05,+9.60%,134220
10/03/2011,22.35,22.65,21.35,21.35,-0.95,-4.26%,91800
09/30/2011,22.3,22.55,21.95,22.3,-0.5,-2.19%,103220
09/29/2011,22.1,22.8,21.65,22.8,1.25,+5.80%,49360
09/28/2011,22.5,22.9,21.4,21.55,-0.9,-4.01%,96340
09/27/2011,22.5,23,22.1,22.45,-0.05,-0.22%,74260
09/26/2011,22,22.55,21.45,22.5,0.75,+3.45%,78420
09/23/2011,21.3,21.85,21.15,21.75,0.5,+2.35%,69780
09/22/2011,20.45,21.55,20.45,21.25,0.05,+0.24%,109219
09/21/2011,21.95,22.15,20.65,21.2,-0.8,-3.64%,127539
09/20/2011,22.05,22.6,21.9,22,-0.05,-0.23%,44720
09/19/2011,22.3,22.35,21.8,22.05,-0.8,-3.50%,38220
09/16/2011,22.4,22.85,22.1,22.85,0.25,+1.11%,130220
09/15/2011,22.6,22.7,22.3,22.6,0.2,+0.89%,32600
09/14/2011,22.5,22.7,21.85,22.4,0.2,+0.90%,56640
09/13/2011,21.8,22.35,21.65,22.2,0.55,+2.54%,49900
09/12/2011,21.3,21.9,21.2,21.65,0.2,+0.93%,55300
09/09/2011,21.5,21.9,21.15,21.45,-0.35,-1.61%,96620
09/08/2011,21.95,22.45,21.7,21.8,-0.75,-3.33%,87680
09/07/2011,22,22.75,21.9,22.55,0.9,+4.16%,62500
09/06/2011,21.2,21.85,21.15,21.65,-0.2,-0.92%,59640
09/02/2011,23.55,23.55,21.7,21.85,-0.95,-4.17%,93920
09/01/2011,23.35,23.6,22.4,22.8,-0.55,-2.36%,127580
08/31/2011,22.75,23.4,22.5,23.35,0.3,+1.30%,141660
08/30/2011,22.95,23.05,22.45,23.05,0,0.00%,132360
08/29/2011,21.8,23.1,21.65,23.05,1.55,+7.21%,143920
08/26/2011,21.2,21.8,20.8,21.5,0.2,+0.94%,50820
08/25/2011,22.1,22.65,21.15,21.3,-0.85,-3.84%,97900
08/24/2011,21.85,22.3,21.45,22.15,0.6,+2.78%,56600
08/23/2011,20.05,21.65,20,21.55,1.65,+8.29%,138820
08/22/2011,21,21.05,19.85,19.9,0.15,+0.76%,122200
08/19/2011,20.25,20.9,19.65,19.75,-0.75,-3.66%,156960
08/18/2011,21,21.3,20.3,20.5,-1.05,-4.87%,111340
08/17/2011,21.5,21.9,21.4,21.55,0.15,+0.70%,36300
08/16/2011,21.6,21.6,21,21.4,-0.5,-2.28%,74320
08/15/2011,21.4,21.9,21.25,21.9,0.75,+3.55%,49680
08/12/2011,21.35,21.55,20.75,21.15,-0.05,-0.24%,63600
08/11/2011,20.8,21.6,20.55,21.2,0.55,+2.66%,130540
08/10/2011,22.6,22.6,20.5,20.65,-1.7,-7.61%,142340
08/09/2011,20.65,22.4,20.05,22.35,2,+9.83%,141300
08/08/2011,22.1,22.35,20.35,20.35,-2,-8.95%,161200
08/05/2011,22.75,23.05,21.95,22.35,-0.15,-0.67%,159960
08/04/2011,22.95,23.3,22.5,22.5,-0.65,-2.81%,80600
08/03/2011,22.8,23.3,22.5,23.15,0.4,+1.76%,98800
08/02/2011,23.25,23.7,22.75,22.75,-0.55,-2.36%,87480
08/01/2011,23.6,23.95,23.1,23.3,0.2,+0.87%,106300
07/29/2011,23.3,23.9,23,23.1,-0.35,-1.49%,321280
07/28/2011,23.7,24.15,23.45,23.45,-0.25,-1.05%,72080
07/27/2011,24.2,24.5,23.65,23.7,-0.55,-2.27%,76580
07/26/2011,24.4,24.7,24.2,24.25,-0.05,-0.21%,36560
07/25/2011,24.4,24.7,24.1,24.3,-0.35,-1.42%,72360
07/22/2011,24.95,24.95,24.3,24.65,-0.2,-0.80%,60000
07/21/2011,24.75,25.1,24.6,24.85,0.4,+1.64%,68860
07/20/2011,24.65,24.9,24.25,24.45,-0.2,-0.81%,64880
07/19/2011,24.35,24.8,24.35,24.65,0.55,+2.28%,93980
07/18/2011,24.25,24.45,23.75,24.1,-0.05,-0.21%,93140
07/15/2011,24.45,24.9,24,24.15,-0.25,-1.02%,102960
07/14/2011,25.1,25.2,24.35,24.4,-0.6,-2.40%,122140
07/13/2011,24.9,25.25,24.75,25,0.3,+1.21%,179340
07/12/2011,24.4,25,24.4,24.7,0.25,+1.02%,148220
07/11/2011,24.3,24.6,24.1,24.45,-0.1,-0.41%,97160
07/08/2011,24.5,24.85,24.4,24.55,-0.35,-1.41%,91420
07/07/2011,24.45,25,24.25,24.9,0.55,+2.26%,209380
07/06/2011,24.25,24.7,24.15,24.35,0,0.00%,93600
07/05/2011,24.55,24.6,23.9,24.35,-0.15,-0.61%,107160
07/01/2011,24.45,24.85,24.3,24.5,0,0.00%,202180
06/30/2011,24.8,25,24.25,24.5,-0.4,-1.61%,1090740
06/29/2011,25.5,25.5,24.45,24.9,-0.45,-1.78%,132040
06/28/2011,25.75,25.75,25,25.35,-0.3,-1.17%,68220
06/27/2011,24.95,25.75,24.95,25.65,0.75,+3.01%,53920
06/24/2011,25.4,25.55,24.9,24.9,-0.4,-1.58%,120339
06/23/2011,25.5,25.85,24.85,25.3,-0.45,-1.75%,64940
06/22/2011,26.1,27.05,25.7,25.75,-0.55,-2.09%,52680
06/21/2011,26,26.35,25.65,26.3,0.25,+0.96%,74060
06/20/2011,25.55,26.15,25.2,26.05,0.4,+1.56%,41660
06/17/2011,25.75,25.8,25,25.65,0.05,+0.20%,87880
06/16/2011,25.6,25.9,24.95,25.6,0.15,+0.59%,75420
06/15/2011,26.05,26.15,25.25,25.45,-0.8,-3.05%,87200
06/14/2011,26.4,26.85,26.2,26.25,0.05,+0.19%,70380
06/13/2011,26.35,26.6,25.95,26.2,0.05,+0.19%,29780
06/10/2011,26.65,27.3,25.95,26.15,-0.55,-2.06%,58560
06/09/2011,27,27.1,26.65,26.7,-0.25,-0.93%,50400
06/08/2011,27.45,28.65,26.95,26.95,-0.65,-2.36%,106340
06/07/2011,27.6,27.95,27.4,27.6,0.2,+0.73%,29200
06/06/2011,27.6,28,27.35,27.4,-0.25,-0.90%,33840
06/03/2011,27.9,28.15,27.65,27.65,-0.55,-1.95%,38100
06/02/2011,28.55,28.65,28.15,28.2,-0.2,-0.70%,26880
06/01/2011,29.1,29.25,28.4,28.4,-1.2,-4.05%,46060
05/31/2011,28.9,29.6,28.8,29.6,0.75,+2.60%,108940
05/27/2011,28.55,28.9,28.55,28.85,0.35,+1.23%,32340
05/26/2011,28.35,28.7,28,28.5,0.05,+0.18%,21500
05/25/2011,27.5,28.5,27.5,28.45,0.9,+3.27%,29180
05/24/2011,27.8,27.9,27.5,27.55,-0.2,-0.72%,44960
05/23/2011,27.95,28.15,27.75,27.75,-0.35,-1.25%,24080
05/20/2011,28.4,28.6,28.1,28.1,-0.35,-1.23%,35760
05/19/2011,28.75,28.75,28.25,28.45,-0.3,-1.04%,31320
05/18/2011,28.55,28.75,28.3,28.75,0.3,+1.05%,22660
05/17/2011,28,28.75,27.95,28.45,0.45,+1.61%,26860
05/16/2011,28.35,28.55,27.9,28,-0.35,-1.23%,48760
05/13/2011,28.7,28.9,28.35,28.35,-0.65,-2.24%,28360
05/12/2011,28.55,29.05,28.5,29,0.45,+1.58%,16100
05/11/2011,29.15,29.15,28.55,28.55,-0.6,-2.06%,18320
05/10/2011,28.8,29.15,28.7,29.15,0.4,+1.39%,20520
05/09/2011,28.6,28.8,28.6,28.75,0.05,+0.17%,15480
05/06/2011,29.25,29.3,28.6,28.7,-0.2,-0.69%,34640
05/05/2011,28.95,29.3,28.75,28.9,0.05,+0.17%,31180
05/04/2011,29,29.3,28.8,28.85,-0.15,-0.52%,30860
05/03/2011,29.25,29.55,28.85,29,-0.3,-1.02%,34400
05/02/2011,30,30.1,29.3,29.3,-0.7,-2.33%,24080
04/29/2011,30,30.1,29.7,30,0.05,+0.17%,23540
04/28/2011,29.75,29.95,29.4,29.95,0.25,+0.84%,14540
04/27/2011,29.65,29.85,29.45,29.7,0,0.00%,19540
04/26/2011,29.5,29.8,29.1,29.7,0.3,+1.02%,33340
04/25/2011,29.5,29.6,29.1,29.4,-0.25,-0.84%,21780
04/21/2011,29.5,29.7,29.3,29.65,0.2,+0.68%,13860
04/20/2011,29.7,29.7,29.3,29.45,0.1,+0.34%,27560
04/19/2011,29.4,29.5,29.1,29.35,0.2,+0.69%,30860
04/18/2011,29.25,29.7,29.05,29.15,-0.6,-2.02%,25920
04/15/2011,29.1,30.1,29,29.75,0.4,+1.36%,48340
04/14/2011,28.9,29.35,28.55,29.35,0.45,+1.56%,37160
04/13/2011,29.65,30,28.8,28.9,-0.5,-1.70%,28260
04/12/2011,29.5,30.2,29.4,29.4,-0.4,-1.34%,31880
04/11/2011,30,30.35,29.75,29.8,-0.2,-0.67%,24720
04/08/2011,30.7,30.7,30,30,-0.65,-2.12%,21980
04/07/2011,30.5,31.2,30.3,30.65,-0.35,-1.13%,26040
04/06/2011,30.2,31.1,30.1,31,0.45,+1.47%,48160
04/05/2011,30.4,30.7,30.15,30.55,-0.05,-0.16%,39240
04/04/2011,30.1,30.6,30,30.6,0.55,+1.83%,48760
04/01/2011,29.7,30.05,29.3,30.05,0.4,+1.35%,52620
03/31/2011,29.3,29.65,29.25,29.65,0.25,+0.85%,32660
03/30/2011,29.05,29.5,28.95,29.4,0.3,+1.03%,42020
03/29/2011,28.65,29.25,28.6,29.1,0.5,+1.75%,20820
03/28/2011,29.1,29.1,28.6,28.6,-0.5,-1.72%,22060
03/25/2011,28.7,29.2,28.45,29.1,0.55,+1.93%,26640
03/24/2011,28.75,28.75,28.4,28.55,-0.15,-0.52%,18760
03/23/2011,28.35,28.7,28.15,28.7,0.2,+0.70%,87600
03/22/2011,28.35,28.55,28.35,28.5,0.25,+0.88%,19900
03/21/2011,28.2,28.75,27.85,28.25,0.75,+2.73%,46600
03/18/2011,28.2,28.85,27.5,27.5,-0.5,-1.79%,262420
03/17/2011,28.35,28.7,27.85,28,0,0.00%,28720
03/16/2011,28.5,28.55,27.8,28,-0.55,-1.93%,48960
03/15/2011,27.95,28.65,27.9,28.55,0,0.00%,43820
03/14/2011,28.85,29.15,28.55,28.55,-0.55,-1.89%,26120
03/11/2011,29.35,29.6,29,29.1,-0.25,-0.85%,25520
03/10/2011,30,30.05,29.35,29.35,-0.95,-3.14%,44260
03/09/2011,30.15,30.3,30.05,30.3,0.05,+0.17%,13480
03/08/2011,29.7,30.25,29.65,30.25,0.55,+1.85%,24780
03/07/2011,30,30.25,29.65,29.7,-0.45,-1.49%,29340
03/04/2011,30.45,30.5,29.95,30.15,-0.35,-1.15%,25120
03/03/2011,30.4,30.55,30,30.5,0.5,+1.67%,45780
03/02/2011,29.9,30.2,29.55,30,0.15,+0.50%,47380
03/01/2011,30.1,30.5,29.7,29.85,-0.3,-1.00%,141340
02/28/2011,30.05,30.5,29.65,30.15,0.45,+1.52%,75020
02/25/2011,29.6,29.8,29.45,29.7,0.1,+0.34%,50460
02/24/2011,29.35,29.85,29.35,29.6,0.25,+0.85%,38240
02/23/2011,30.15,30.15,29.35,29.35,-0.55,-1.84%,41160
02/22/2011,30.1,30.4,29.85,29.9,-0.5,-1.64%,34520
02/18/2011,30.45,30.6,30.25,30.4,0.1,+0.33%,30360
02/17/2011,30.1,30.5,30.1,30.3,0.15,+0.50%,33960
02/16/2011,30.05,30.6,30.05,30.15,0.4,+1.34%,28440
02/15/2011,30.45,30.65,29.75,29.75,-0.85,-2.78%,51220
02/14/2011,30.75,30.9,30.5,30.6,-0.2,-0.65%,14460
02/11/2011,29.9,30.8,29.9,30.8,0.8,+2.67%,36020
02/10/2011,29.75,30.1,29.75,30,0.05,+0.17%,19700
02/09/2011,30,30.35,29.9,29.95,-0.2,-0.66%,19000
02/08/2011,29.95,30.15,29.95,30.15,0.05,+0.17%,23140
02/07/2011,29.9,30.5,29.9,30.1,0.2,+0.67%,16480
02/04/2011,30.2,30.2,29.85,29.9,-0.4,-1.32%,25660
02/03/2011,30.1,30.4,29.9,30.3,0.15,+0.50%,22360
02/02/2011,30.35,30.6,30.1,30.15,-0.4,-1.31%,18480
02/01/2011,30.15,30.7,30.05,30.55,0.6,+2.00%,30280
01/31/2011,30.45,30.45,29.9,29.95,-0.3,-0.99%,33420
01/28/2011,31.3,31.3,30,30.25,-1.1,-3.51%,76460
01/27/2011,31.4,31.7,31.15,31.35,-0.2,-0.63%,21040
01/26/2011,31,31.55,30.6,31.55,0.75,+2.44%,44240
01/25/2011,30.2,30.9,30.2,30.8,0.3,+0.98%,25280
01/24/2011,30.1,30.7,30.1,30.5,0.3,+0.99%,37660
01/21/2011,30.8,30.8,30.15,30.2,-0.35,-1.15%,42900
01/20/2011,30,30.75,30,30.55,0.35,+1.16%,38000
01/19/2011,31.3,31.3,30,30.2,-1.1,-3.51%,76540
01/18/2011,31.2,31.4,31.15,31.3,-0.2,-0.63%,34340
01/14/2011,31.05,31.6,30.8,31.5,0.3,+0.96%,51080
01/13/2011,31.3,31.7,31.05,31.2,-0.1,-0.32%,15600
01/12/2011,31.6,31.7,31.1,31.3,0.05,+0.16%,25560
01/11/2011,31.1,31.4,30.95,31.25,0.2,+0.64%,20760
01/10/2011,30.8,31.15,30.35,31.05,-0.05,-0.16%,33540
01/07/2011,31.45,31.75,30.65,31.1,-0.35,-1.11%,35720
01/06/2011,32.3,32.3,31.35,31.45,-0.85,-2.63%,45260
01/05/2011,31.85,32.4,31.75,32.3,0.3,+0.94%,48000
01/04/2011,32.95,32.95,31.8,32,-0.75,-2.29%,43000
01/03/2011,32.15,32.85,32,32.75,1.05,+3.31%,51740
12/31/2010,32.1,32.5,31.7,31.7,-0.4,-1.25%,39180
12/30/2010,32.5,32.5,32.1,32.1,-0.4,-1.23%,26200
12/29/2010,32.75,32.85,32.3,32.5,-0.1,-0.31%,32420
12/28/2010,32.85,33.2,32.45,32.6,-0.25,-0.76%,63900
12/27/2010,32.5,33.3,31.85,32.85,0.45,+1.39%,23260
12/23/2010,32.9,33.3,32.05,32.4,-0.45,-1.37%,31440
12/22/2010,31.7,33,31.7,32.85,1.2,+3.79%,53200
12/21/2010,31.05,31.85,30.85,31.65,0.85,+2.76%,51700
12/20/2010,30.7,31,30.6,30.8,0.15,+0.49%,37280
12/17/2010,30.7,31,30.45,30.65,0,0.00%,166920
12/16/2010,30.5,31.2,30.35,30.65,0.2,+0.66%,40240
12/15/2010,30.45,30.9,30.1,30.45,-0.1,-0.33%,49520
12/14/2010,30.3,30.75,30.1,30.55,0.45,+1.50%,30940
12/13/2010,30.55,30.6,29.9,30.1,-0.25,-0.82%,36520
12/10/2010,30.05,30.35,29.55,30.35,0.4,+1.34%,30420
12/09/2010,29.75,30.1,29.15,29.95,0.35,+1.18%,56200
12/08/2010,29.05,29.85,29,29.6,0.7,+2.42%,46460
12/07/2010,29.1,29.15,28.75,28.9,0.1,+0.35%,30160
12/06/2010,28.9,29.15,28.55,28.8,-0.3,-1.03%,71140
12/03/2010,28.65,29.2,28.35,29.1,0.2,+0.69%,30280
12/02/2010,28.65,28.95,28.4,28.9,0.35,+1.23%,27540
12/01/2010,28.4,28.55,28.15,28.55,0.4,+1.42%,63640
11/30/2010,28.2,28.35,27.9,28.15,-0.25,-0.88%,63980
11/29/2010,28,28.45,27.85,28.4,0.15,+0.53%,18900
11/26/2010,28.3,28.5,28.25,28.25,-0.35,-1.22%,8380
11/24/2010,28.35,28.65,28.05,28.6,0.6,+2.14%,35180
11/23/2010,27.75,28.2,27.55,28,0,0.00%,25720
11/22/2010,28.1,28.15,27.75,28,-0.25,-0.88%,24080
11/19/2010,28.4,28.4,28.05,28.25,-0.15,-0.53%,27700
11/18/2010,28.55,28.7,28.2,28.4,0.25,+0.89%,35700
11/17/2010,28.45,28.6,28,28.15,-0.3,-1.05%,56860
11/16/2010,28.5,28.6,28,28.45,-0.3,-1.04%,53100
11/15/2010,28.65,28.95,28.5,28.75,0.35,+1.23%,15060
11/12/2010,28.25,28.8,28.25,28.4,-0.2,-0.70%,44320
11/11/2010,28.65,28.95,28.55,28.6,-0.45,-1.55%,22340
11/10/2010,28.05,29.05,28,29.05,1,+3.57%,39620
11/09/2010,28.6,28.75,28,28.05,-0.55,-1.92%,53020
11/08/2010,28.75,28.95,28.3,28.6,-0.4,-1.38%,28740
11/05/2010,28.75,29.2,28.5,29,0.35,+1.22%,38280
11/04/2010,28.1,28.65,27.95,28.65,0.9,+3.24%,79340
11/03/2010,27.35,27.75,27.35,27.75,0.35,+1.28%,37920
11/02/2010,27.05,27.45,26.85,27.4,0.7,+2.62%,50560
11/01/2010,26.95,27.15,26.35,26.7,-0.25,-0.93%,49160
10/29/2010,27.05,27.4,26.95,26.95,-0.25,-0.92%,53520
10/28/2010,27.6,27.65,27.05,27.2,-0.05,-0.18%,31560
10/27/2010,27.1,27.75,27.05,27.25,0.1,+0.37%,46900
10/26/2010,27.35,27.7,27.1,27.15,-0.3,-1.09%,37760
10/25/2010,27.75,27.8,27.3,27.45,0,0.00%,32540
10/22/2010,27.65,27.75,27.25,27.45,-0.1,-0.36%,24420
10/21/2010,27.75,28,27.25,27.55,0,0.00%,40120
10/20/2010,27.5,27.85,27.4,27.55,0.2,+0.73%,53820
10/19/2010,27.55,28.25,27.3,27.35,-0.9,-3.19%,98020
10/18/2010,27.45,28.25,27.25,28.25,1,+3.67%,73540
10/15/2010,28.55,28.55,26.95,27.25,-0.95,-3.37%,176300
10/14/2010,28.35,28.55,27.75,28.2,-0.2,-0.70%,47880
10/13/2010,27.9,28.65,27.5,28.4,0.75,+2.71%,50980
10/12/2010,27.85,28,27.65,27.65,-0.2,-0.72%,80200
10/11/2010,28.35,28.35,27.55,27.85,-0.45,-1.59%,28640
10/08/2010,27.9,28.45,27.75,28.3,0.5,+1.80%,39060
10/07/2010,28.35,28.45,27.8,27.8,-0.25,-0.89%,33620
10/06/2010,28.25,28.45,27.85,28.05,-0.3,-1.06%,46220
10/05/2010,28,28.4,27.55,28.35,0.75,+2.72%,77500
10/04/2010,27.7,27.85,27.45,27.6,-0.05,-0.18%,55840
10/01/2010,28.25,28.25,27.45,27.65,-0.15,-0.54%,62740
09/30/2010,28.25,28.55,27.65,27.8,-0.15,-0.54%,57040
09/29/2010,27.8,28,27.5,27.95,0.15,+0.54%,58540
09/28/2010,27.8,28.05,27.4,27.8,0.15,+0.54%,67820
09/27/2010,28.35,28.35,27.55,27.65,-0.6,-2.12%,35140
09/24/2010,27.8,28.35,27.4,28.25,0.85,+3.10%,55300
09/23/2010,27.25,28,26.95,27.4,-0.15,-0.54%,82420
09/22/2010,27.5,27.85,26.95,27.55,0.05,+0.18%,102800
09/21/2010,28.05,28.05,27.25,27.5,-0.65,-2.31%,64120
09/20/2010,28.45,28.8,27.9,28.15,-0.15,-0.53%,100980
09/17/2010,28.3,28.9,28.15,28.3,0.4,+1.43%,159000
09/16/2010,27.95,28,27.45,27.9,-0.05,-0.18%,57120
09/15/2010,27.25,28.05,27,27.95,0.7,+2.57%,84240
09/14/2010,26.7,27.35,26.25,27.25,0.5,+1.87%,73220
09/13/2010,26.5,26.8,26.25,26.75,0.6,+2.29%,75860
09/10/2010,26.1,26.45,26,26.15,0.1,+0.38%,28180
09/09/2010,26.7,26.7,25.95,26.05,-0.15,-0.57%,57840
09/08/2010,26.45,26.65,26,26.2,-0.1,-0.38%,48800
09/07/2010,27,27,26.3,26.3,-0.75,-2.77%,46100
09/03/2010,27.15,27.15,26.75,27.05,0.2,+0.74%,57800
09/02/2010,27,27,26.4,26.85,-0.15,-0.56%,39360
09/01/2010,26.9,27,26.45,27,0.4,+1.50%,82100
08/31/2010,26.2,27.35,26.2,26.6,-0.05,-0.19%,61460
08/30/2010,27.3,27.45,26.65,26.65,-0.85,-3.09%,60600
08/27/2010,26.95,27.5,26.35,27.5,0.85,+3.19%,61840
08/26/2010,26.95,27.05,26.45,26.65,-0.2,-0.74%,43220
08/25/2010,26.25,26.85,26.1,26.85,0.45,+1.70%,50640
08/24/2010,26.3,26.75,26.2,26.4,-0.1,-0.38%,57100
08/23/2010,27.5,27.5,26.35,26.5,-0.8,-2.93%,66660
08/20/2010,26.65,27.3,26.5,27.3,0.45,+1.68%,74880
08/19/2010,27.8,28.1,26.75,26.85,-1.15,-4.11%,91560
08/18/2010,27.8,28.4,27.7,28,0.15,+0.54%,52460
08/17/2010,27.55,27.95,27.1,27.85,0.7,+2.58%,46220
08/16/2010,26.55,27.3,26.55,27.15,0.55,+2.07%,36400
08/13/2010,27,27.25,26.55,26.6,-0.6,-2.21%,45660
08/12/2010,26.5,27.45,26.5,27.2,0.55,+2.06%,49540
08/11/2010,27.75,28.35,26.65,26.65,-1.45,-5.16%,71320
08/10/2010,28.55,28.75,28,28.1,-0.9,-3.10%,29440
08/09/2010,28.1,29.05,27.75,29,1.05,+3.76%,51440
08/06/2010,27.85,28.2,27.5,27.95,-0.2,-0.71%,32800
08/05/2010,28.4,28.7,28.15,28.15,-0.55,-1.92%,40820
08/04/2010,28.75,29.05,28.5,28.7,0.15,+0.53%,42800
08/03/2010,28.75,29.55,28.5,28.55,-0.3,-1.04%,37640
08/02/2010,29.65,29.65,28.5,28.85,-0.25,-0.86%,45640
07/30/2010,28.7,29.55,28.7,29.1,-0.1,-0.34%,23940
07/29/2010,29.05,29.55,28.8,29.2,0.4,+1.39%,36400
07/28/2010,29.35,29.45,28.65,28.8,-0.55,-1.87%,39640
07/27/2010,29.45,29.75,28.9,29.35,0.25,+0.86%,60300
07/26/2010,28.4,29.4,27.9,29.1,0.85,+3.01%,83800
07/23/2010,27.3,28.3,27.3,28.25,0.9,+3.29%,47460
07/22/2010,26.8,27.4,26.75,27.35,1.05,+3.99%,84500
07/21/2010,27.95,27.95,26.3,26.3,-1.35,-4.88%,51540
07/20/2010,26.95,27.65,26.75,27.65,0.25,+0.91%,59000
07/19/2010,27.45,27.85,27,27.4,0.1,+0.37%,39000
07/16/2010,28.45,28.5,27.25,27.3,-1.45,-5.04%,91260
07/15/2010,29.25,29.4,28.3,28.75,-0.55,-1.88%,39900
07/14/2010,29.4,29.65,28.75,29.3,-0.3,-1.01%,93140
07/13/2010,28.25,29.6,28.1,29.6,1.6,+5.71%,90040
07/12/2010,28.35,28.7,27.95,28,-0.55,-1.93%,34540
07/09/2010,28.4,28.8,28.25,28.55,0.05,+0.18%,38020
07/08/2010,28.4,28.7,28.15,28.5,0.5,+1.79%,55460
07/07/2010,27.5,28.05,27.4,28,0.5,+1.82%,119840
07/06/2010,28.35,29,27.3,27.5,-0.4,-1.43%,74520
07/02/2010,27.95,28.4,27.55,27.9,0.15,+0.54%,60800
07/01/2010,28.15,29.35,27.15,27.75,-0.25,-0.89%,82140
06/30/2010,28.75,29.8,27.9,28,-0.7,-2.44%,70560
06/29/2010,30.1,30.35,28.3,28.7,-1.9,-6.21%,147000
06/28/2010,30.85,31.5,30.55,30.6,-0.4,-1.29%,37220
06/25/2010,30.4,31.1,29.95,31,0.75,+2.48%,317060
06/24/2010,30.4,31.5,30.1,30.25,-0.3,-0.98%,61180
06/23/2010,30.55,30.8,30.4,30.55,0.05,+0.16%,42320
06/22/2010,30.75,31.35,30.4,30.5,-0.05,-0.16%,44280
06/21/2010,31.25,31.25,30.5,30.55,-0.4,-1.29%,35380
06/18/2010,31.05,31.05,30.45,30.95,0.15,+0.49%,63960
06/17/2010,31,31,30.45,30.8,0.05,+0.16%,19240
06/16/2010,30.3,31,29.9,30.75,0.2,+0.65%,21860
06/15/2010,30,30.65,29.65,30.55,0.75,+2.52%,34860
06/14/2010,30.1,30.4,29.65,29.8,0.05,+0.17%,39000
06/11/2010,29.15,29.85,29.15,29.75,0.2,+0.68%,28600
06/10/2010,29.35,29.75,29.1,29.55,0.65,+2.25%,53940
06/09/2010,29.05,29.1,28.45,28.9,0.15,+0.52%,48920
06/08/2010,28.9,29.05,28,28.75,0.05,+0.17%,55640
06/07/2010,29,29.55,28.65,28.7,-0.2,-0.69%,61940
06/04/2010,29.85,29.95,28.9,28.9,-1.6,-5.25%,84200
06/03/2010,30.6,30.9,30.05,30.5,0.1,+0.33%,41940
06/02/2010,29.4,30.45,29.4,30.4,0.6,+2.01%,105140
06/01/2010,30.65,30.65,29.8,29.8,-1.35,-4.33%,109840
05/28/2010,31.5,31.5,30.65,31.15,-0.55,-1.74%,59680
05/27/2010,31.45,31.8,30.9,31.7,0.95,+3.09%,71600
05/26/2010,31.15,31.6,30.4,30.75,-0.25,-0.81%,83560
05/25/2010,30.45,31.65,30.05,31,-0.1,-0.32%,79640
05/24/2010,32.05,32.7,31.1,31.1,-1.1,-3.42%,57180
05/21/2010,31.4,32.6,31.4,32.2,0.35,+1.10%,106820
05/20/2010,32.65,33.05,31.8,31.85,-1.55,-4.64%,114659
05/19/2010,33.85,34.3,33.05,33.4,-0.45,-1.33%,44460
05/18/2010,35.3,35.35,32.5,33.85,-0.95,-2.73%,71740
05/17/2010,34.6,34.95,33.8,34.8,0.35,+1.02%,46320
05/14/2010,34.6,34.6,33.95,34.45,-0.5,-1.43%,42140
05/13/2010,35.05,35.3,33.2,34.95,-0.35,-0.99%,70340
05/12/2010,34.95,35.55,34.2,35.3,0.55,+1.58%,89820
05/11/2010,34,35.3,33.85,34.75,0.2,+0.58%,70800
05/10/2010,34.2,34.6,33.4,34.55,1.95,+5.98%,76320
05/07/2010,33.15,33.7,32.4,32.6,-0.6,-1.81%,111619
05/06/2010,33.4,33.9,30.95,33.2,-0.35,-1.04%,134520
05/05/2010,33.1,33.85,32.9,33.55,0.15,+0.45%,72120
05/04/2010,33.5,33.65,32.95,33.4,-0.6,-1.76%,81480
05/03/2010,33.55,34,33.25,34,0.75,+2.26%,36400
04/30/2010,35.2,35.3,33.25,33.25,-2.05,-5.81%,74080
04/29/2010,34.4,35.3,33.8,35.3,1.2,+3.52%,53060
04/28/2010,34.15,34.75,33.85,34.1,0.3,+0.89%,34820
04/27/2010,33.55,35.4,33.55,33.8,0,0.00%,77680
04/26/2010,35.15,35.15,33.5,33.8,-1.5,-4.25%,58820
04/23/2010,35.65,35.65,35,35.3,-0.45,-1.26%,42940
04/22/2010,34.3,35.9,34.1,35.75,1,+2.88%,70480
04/21/2010,32.85,35,32.6,34.75,1.85,+5.62%,86780
04/20/2010,32.1,32.9,31.85,32.9,0.8,+2.49%,54980
04/19/2010,31.75,32.2,31.35,32.1,0.15,+0.47%,39380
04/16/2010,32.55,32.55,31.6,31.95,-0.6,-1.84%,65520
04/15/2010,32.25,32.75,32.25,32.55,0.2,+0.62%,32380
04/14/2010,31.65,32.4,31.65,32.35,0.8,+2.54%,42840
04/13/2010,31.55,31.55,31,31.55,0,0.00%,29240
04/12/2010,31.9,31.9,31.3,31.55,-0.25,-0.79%,47240
04/09/2010,32.25,32.25,31.5,31.8,-0.4,-1.24%,31120
04/08/2010,31.75,32.2,31.4,32.2,0.25,+0.78%,36740
04/07/2010,31.6,32.3,31.45,31.95,0.2,+0.63%,46480
04/06/2010,31.05,31.85,31.05,31.75,0.5,+1.60%,31260
04/05/2010,31.45,31.55,31,31.25,0.05,+0.16%,34220
04/01/2010,31.25,31.55,30.85,31.2,0.35,+1.13%,35940
03/31/2010,31.1,31.9,30.8,30.85,-0.55,-1.75%,60040
03/30/2010,31.25,31.45,30.75,31.4,0.3,+0.96%,42720
03/29/2010,31.4,31.5,30.8,31.1,-0.1,-0.32%,25300
03/26/2010,32.3,32.35,31.1,31.2,-0.85,-2.65%,37100
03/25/2010,32.85,33.2,32,32.05,-0.6,-1.84%,66340
03/24/2010,32.75,33.1,32.2,32.65,-0.2,-0.61%,50000
03/23/2010,32.45,32.9,32.05,32.85,0.35,+1.08%,48740
03/22/2010,31.9,32.55,31.3,32.5,0.2,+0.62%,58400
03/19/2010,31.5,32.3,30.65,32.3,1,+3.19%,157540
03/18/2010,31.2,31.5,31,31.3,-0.05,-0.16%,26980
03/17/2010,31.25,31.45,31.15,31.35,0.1,+0.32%,29940
03/16/2010,31.2,31.25,31,31.25,0.05,+0.16%,20420
03/15/2010,30.9,31.25,30.8,31.2,0.15,+0.48%,25820
03/12/2010,31.2,31.2,30.85,31.05,-0.2,-0.64%,39440
03/11/2010,30.85,31.25,30.5,31.25,0.2,+0.64%,26900
03/10/2010,30.65,31.15,30.65,31.05,0.3,+0.98%,32900
03/09/2010,30.25,30.95,30.25,30.75,0.3,+0.99%,41900
03/08/2010,31,31.1,30.4,30.45,-0.65,-2.09%,54660
03/05/2010,30.7,31.1,30.1,31.1,0.5,+1.63%,62380
03/04/2010,30.25,30.65,29.8,30.6,0.5,+1.66%,36960
03/03/2010,30.8,30.9,29.95,30.1,-0.85,-2.75%,52600
03/02/2010,30.9,31,30.65,30.95,0.15,+0.49%,92460
03/01/2010,30.45,31.05,30.45,30.8,0.55,+1.82%,71740
02/26/2010,30.4,30.75,30,30.25,-0.85,-2.73%,61080
02/25/2010,30.5,31.1,30.45,31.1,0.35,+1.14%,63460
02/24/2010,30.2,30.9,29.95,30.75,0.65,+2.16%,54340
02/23/2010,30.1,30.35,29.75,30.1,-0.05,-0.17%,85320
02/22/2010,30,30.3,29.6,30.15,0.3,+1.01%,32320
02/19/2010,29.8,30,29.55,29.85,0.05,+0.17%,47800
02/18/2010,29.5,29.85,29.15,29.8,0.35,+1.19%,37740
02/17/2010,29.2,29.5,28.8,29.45,0.45,+1.55%,83300
02/16/2010,28.85,29.5,28.55,29,0.35,+1.22%,34760
02/12/2010,28.2,28.65,27.85,28.65,0.2,+0.70%,70260
02/11/2010,27.85,28.45,27.5,28.45,0.4,+1.43%,57940
02/10/2010,27.85,28.05,27.35,28.05,0.05,+0.18%,44980
02/09/2010,28.15,28.45,27.6,28,0.15,+0.54%,61020
02/08/2010,28.45,28.45,27.85,27.85,-0.55,-1.94%,46620
02/05/2010,28.15,28.7,27.7,28.4,0.25,+0.89%,60420
02/04/2010,28.85,29.25,28.15,28.15,-0.85,-2.93%,78720
02/03/2010,29.45,29.65,28.8,29,-0.55,-1.86%,48020
02/02/2010,29.9,30.2,29.4,29.55,-0.4,-1.34%,89060
02/01/2010,30.15,30.6,29.75,29.95,-0.05,-0.17%,83100
01/29/2010,30.65,30.9,30,30,-0.65,-2.12%,95960
01/28/2010,30.35,30.85,29.8,30.65,0.3,+0.99%,119939
01/27/2010,29.5,30.4,29.5,30.35,0.65,+2.19%,56640
01/26/2010,29.45,30.1,29.3,29.7,0.2,+0.68%,55740
01/25/2010,29.6,29.8,29.25,29.5,0.1,+0.34%,35360
01/22/2010,29.85,30.3,29.3,29.4,-0.45,-1.51%,55200
01/21/2010,30.55,30.75,29.85,29.85,-0.55,-1.81%,75400
01/20/2010,31.1,31.55,30.3,30.4,-0.9,-2.88%,66940
01/19/2010,30.75,31.45,30.5,31.3,0.55,+1.79%,56160
01/15/2010,31.15,31.15,30.45,30.75,-0.25,-0.81%,79460
01/14/2010,30.65,31.25,30.45,31,0.3,+0.98%,34760
01/13/2010,30.1,30.95,30,30.7,0.65,+2.16%,70160
01/12/2010,30.3,30.6,30,30.05,-0.4,-1.31%,37780
01/11/2010,30.95,30.95,30.35,30.45,-0.25,-0.81%,24780
01/08/2010,30.75,30.9,30.4,30.7,-0.1,-0.32%,32920
01/07/2010,30.35,30.9,30.2,30.8,0.35,+1.15%,45260
01/06/2010,30.9,31.45,30.3,30.45,-0.45,-1.46%,53680
01/05/2010,32,32.2,30.7,30.9,-1.1,-3.44%,51900
01/04/2010,31.9,32.25,31.45,32,0.5,+1.59%,33180
12/31/2009,31.7,32.15,31.5,31.5,-0.2,-0.63%,53920
12/30/2009,31.3,31.9,31.05,31.7,0.35,+1.12%,47180
12/29/2009,31.3,31.65,31.25,31.35,0.05,+0.16%,19240
12/28/2009,31.95,31.95,31.1,31.3,-0.6,-1.88%,25600
12/24/2009,31.95,32.1,31.65,31.9,0.05,+0.16%,11100
12/23/2009,32,32.35,31.7,31.85,-0.1,-0.31%,42940
12/22/2009,32.25,32.4,31.9,31.95,-0.4,-1.24%,40540
12/21/2009,31.9,32.45,31.2,32.35,0.5,+1.57%,46800
12/18/2009,31.5,31.85,30.9,31.85,0.75,+2.41%,214680
12/17/2009,31.3,31.6,30.9,31.1,-0.5,-1.58%,41000
12/16/2009,32.1,32.3,31.3,31.6,-0.3,-0.94%,42840
12/15/2009,32.45,32.5,31.9,31.9,-0.55,-1.69%,80060
12/14/2009,31.6,32.45,31.15,32.45,0.95,+3.02%,57660
12/11/2009,30.95,31.55,30.7,31.5,0.65,+2.11%,29240
12/10/2009,31.75,31.9,30.5,30.85,-0.8,-2.53%,39840
12/09/2009,31.55,31.7,31,31.65,0.2,+0.64%,36660
12/08/2009,31.65,31.75,30.9,31.45,-0.35,-1.10%,58340
12/07/2009,31.6,32.25,31,31.8,0.1,+0.32%,46520
12/04/2009,31.05,31.75,30.9,31.7,1.15,+3.76%,58480
12/03/2009,31.75,31.85,30.45,30.55,-1.05,-3.32%,53700
12/02/2009,31.3,31.65,30.8,31.6,0.25,+0.80%,46060
12/01/2009,31,31.35,30.3,31.35,0.55,+1.79%,109139
11/30/2009,29.75,31,29.6,30.8,1.05,+3.53%,75480
11/27/2009,29.8,31.05,29.75,29.75,-1.2,-3.88%,33420
11/25/2009,31.4,31.8,30.95,30.95,-0.3,-0.96%,32520
11/24/2009,31.35,31.45,30.45,31.25,-0.15,-0.48%,38880
11/23/2009,31,31.7,31,31.4,0.9,+2.95%,52400
11/20/2009,30.05,31,30.05,30.5,0.3,+0.99%,35880
11/19/2009,31.05,31.05,29.75,30.2,-1.2,-3.82%,46680
11/18/2009,31.25,31.4,30.85,31.4,0.25,+0.80%,38880
11/17/2009,30.2,31.15,29.85,31.15,0.8,+2.64%,61080
11/16/2009,29.4,30.5,29.4,30.35,1.3,+4.48%,71880
11/13/2009,28.85,29.6,28.7,29.05,0.4,+1.40%,44680
11/12/2009,29.5,30,28.65,28.65,-0.85,-2.88%,45440
11/11/2009,29.3,30,28.8,29.5,1.35,+4.80%,67240
11/10/2009,28.9,29.25,27.95,28.15,-0.95,-3.26%,43800
11/09/2009,29.2,29.4,28.75,29.1,0.3,+1.04%,47700
11/06/2009,28.65,29.05,28.45,28.8,-0.3,-1.03%,55340
11/05/2009,28.75,29.2,28.65,29.1,0.55,+1.93%,35060
11/04/2009,29.4,29.45,28.4,28.55,-0.6,-2.06%,69560
11/03/2009,29,29.4,28.75,29.15,-0.2,-0.68%,38100
11/02/2009,29.85,30.05,28.9,29.35,-0.4,-1.34%,47100
10/30/2009,30.4,30.6,29.65,29.75,-1,-3.25%,107459
10/29/2009,30.45,30.8,30.05,30.75,0.6,+1.99%,68440
10/28/2009,30.35,30.65,30.1,30.15,-0.15,-0.50%,49200
10/27/2009,30.45,31.15,30.3,30.3,-0.15,-0.49%,50440
10/26/2009,30.6,31.35,30.1,30.45,-0.15,-0.49%,30020
10/23/2009,31.4,31.7,30.25,30.6,-0.8,-2.55%,59880
10/22/2009,30.65,31.65,30.35,31.4,0.75,+2.45%,43520
10/21/2009,31.3,32.2,30.55,30.65,-0.75,-2.39%,75800
10/20/2009,32.45,32.5,31.35,31.4,-1.1,-3.38%,40700
10/19/2009,32.25,32.65,31.6,32.5,0.45,+1.40%,37540
10/16/2009,31.85,32.15,31.25,32.05,0.05,+0.16%,55820
10/15/2009,32.05,32.4,31.75,32,-0.35,-1.08%,47660
10/14/2009,32.7,32.7,32.1,32.35,0.2,+0.62%,53760
10/13/2009,32.3,32.45,31.75,32.15,-0.3,-0.92%,58700
10/12/2009,32.95,32.95,31.95,32.45,-0.1,-0.31%,26660
10/09/2009,31.9,32.65,31.9,32.55,0.55,+1.72%,52760
10/08/2009,31.65,32.35,31.5,32,0.75,+2.40%,91520
10/07/2009,30.85,31.4,30.35,31.25,0.3,+0.97%,82580
10/06/2009,30.95,31.6,30.5,30.95,0.3,+0.98%,30480
10/05/2009,30.55,31.4,30.3,30.65,0.35,+1.16%,51940
10/02/2009,30.55,30.9,30.25,30.3,-0.5,-1.62%,34680
10/01/2009,31.2,31.3,30.65,30.8,-0.45,-1.44%,47440
09/30/2009,32.15,32.7,31,31.25,-0.8,-2.50%,48060
09/29/2009,32.6,32.8,32,32.05,-0.6,-1.84%,40140
09/28/2009,32.05,32.65,31.7,32.65,0.9,+2.83%,40980
09/25/2009,31.75,32.1,31.15,31.75,-0.2,-0.63%,41060
09/24/2009,32.5,32.85,31.7,31.95,-0.5,-1.54%,53780
09/23/2009,32.75,33.3,32.3,32.45,-0.15,-0.46%,53720
09/22/2009,32.05,32.8,31.55,32.6,0.75,+2.35%,68140
09/21/2009,31.85,32.5,31.75,31.85,-0.45,-1.39%,33720
09/18/2009,32.25,33.5,31.7,32.3,0.2,+0.62%,95820
09/17/2009,32.55,32.55,31.85,32.1,-0.4,-1.23%,54180
09/16/2009,30.95,32.5,30.75,32.5,1.55,+5.01%,53080
09/15/2009,30.65,31.05,30.2,30.95,0.3,+0.98%,47340
09/14/2009,30.35,30.7,30.2,30.65,0.1,+0.33%,47920
09/11/2009,30.95,31.15,30.55,30.55,-0.45,-1.45%,52960
09/10/2009,31.15,31.2,30.45,31,-0.3,-0.96%,44320
09/09/2009,30.75,31.4,30.55,31.3,0.45,+1.46%,57020
09/08/2009,30.8,30.85,30,30.85,0.25,+0.82%,49260
09/04/2009,30,30.65,29.7,30.6,0.6,+2.00%,64860
09/03/2009,29.25,30.3,29.2,30,0.85,+2.92%,50100
09/02/2009,29.95,30.15,29.15,29.15,-0.95,-3.16%,72840
09/01/2009,31.1,31.35,30,30.1,-1,-3.22%,79780
08/31/2009,31.35,31.8,30.8,31.1,-0.5,-1.58%,61060
08/28/2009,32.55,32.6,31.25,31.6,-0.7,-2.17%,35940
08/27/2009,31.85,32.5,31.05,32.3,0.45,+1.41%,90100
08/26/2009,32.25,32.25,31.2,31.85,-0.35,-1.09%,62840
08/25/2009,31.8,32.25,31.5,32.2,0.5,+1.58%,53840
08/24/2009,32.45,32.65,31.4,31.7,-0.6,-1.86%,45000
08/21/2009,32,32.5,31.8,32.3,0.8,+2.54%,85840
08/20/2009,31.2,31.55,31,31.5,0.1,+0.32%,48760
08/19/2009,30.85,31.6,30.65,31.4,0.35,+1.13%,45120
08/18/2009,30.95,31.4,30.6,31.05,0.3,+0.98%,75840
08/17/2009,31.5,31.7,30.7,30.75,-1.05,-3.30%,46180
08/14/2009,32.5,32.7,31.3,31.8,-0.65,-2.00%,73100
08/13/2009,32.75,33,32.25,32.45,-0.2,-0.61%,56840
08/12/2009,32.3,33.4,32.15,32.65,0.3,+0.93%,72540
08/11/2009,33,33.25,31.75,32.35,-0.95,-2.85%,48720
08/10/2009,32.6,34.15,32.6,33.3,0.5,+1.52%,65960
08/07/2009,31.9,34.1,31.6,32.8,1.25,+3.96%,131500
08/06/2009,31.4,32.15,30.8,31.55,0.4,+1.28%,87680
08/05/2009,31.5,31.7,30.85,31.15,-0.25,-0.80%,112960
08/04/2009,30.65,31.7,30.65,31.4,0.45,+1.45%,58440
08/03/2009,31.75,31.8,30.65,30.95,-0.5,-1.59%,83600
07/31/2009,31,31.95,30.1,31.45,0.2,+0.64%,103560
07/30/2009,30,31.5,29.8,31.25,1.5,+5.04%,89000
07/29/2009,29.4,30,29.2,29.75,0.15,+0.51%,63920
07/28/2009,29.1,29.6,28.6,29.6,0.35,+1.20%,51680
07/27/2009,28.6,29.25,28.35,29.25,0.7,+2.45%,52560
07/24/2009,28.5,28.75,28.25,28.55,-0.3,-1.04%,35620
07/23/2009,27.7,29,27.6,28.85,1,+3.59%,92700
07/22/2009,27.6,28.25,27.45,27.85,0.15,+0.54%,63540
07/21/2009,28.15,28.7,27.45,27.7,-0.45,-1.60%,57620
07/20/2009,28.5,28.9,27.85,28.15,-0.35,-1.23%,102420
07/17/2009,29.05,29.1,28.2,28.5,-0.65,-2.23%,62560
07/16/2009,29,29.35,28.5,29.15,0.05,+0.17%,52780
07/15/2009,28.85,29.35,28.45,29.1,0.65,+2.28%,105940
07/14/2009,29.25,29.95,28.3,28.45,-0.75,-2.57%,57980
07/13/2009,28.05,29.25,27.9,29.2,1.4,+5.04%,102000
07/10/2009,28.3,28.8,27.55,27.8,-0.8,-2.80%,80320
07/09/2009,29.35,29.7,28.5,28.6,-0.6,-2.05%,69800
07/08/2009,29.7,29.7,28.55,29.2,-0.05,-0.17%,114300
07/07/2009,29.9,30.35,29.25,29.25,-0.55,-1.85%,74680
07/06/2009,29.2,30.05,28.95,29.8,0.6,+2.05%,64540
07/02/2009,29.6,30.05,29.2,29.2,-0.8,-2.67%,65500
07/01/2009,29.9,30.55,29.85,30,0.55,+1.87%,72980
06/30/2009,30.4,30.4,29.45,29.45,-1,-3.28%,54800
06/29/2009,30.9,31.05,29.6,30.45,-0.65,-2.09%,66720
06/26/2009,29.95,31.25,29.6,31.1,0.85,+2.81%,119320
06/25/2009,29.3,30.3,29.25,30.25,0.8,+2.72%,65020
06/24/2009,29.5,29.8,29.25,29.45,0.15,+0.51%,43680
06/23/2009,29.65,30.05,28.95,29.3,-0.15,-0.51%,62740
06/22/2009,30.45,30.7,29.3,29.45,-1.35,-4.38%,85220
06/19/2009,30.4,30.8,29.95,30.8,0.95,+3.18%,102720
06/18/2009,29.05,30,28.55,29.85,0.65,+2.23%,35300
06/17/2009,29.3,29.7,28.6,29.2,-0.15,-0.51%,58740
06/16/2009,29.95,30,29.35,29.35,-0.2,-0.68%,48680
06/15/2009,29.65,30.2,29.35,29.55,-0.75,-2.48%,74480
06/12/2009,29.35,30.3,29.35,30.3,0.75,+2.54%,50680
06/11/2009,29.4,30.25,29.3,29.55,0.3,+1.03%,51920
06/10/2009,30,30.2,28.85,29.25,-0.5,-1.68%,95460
06/09/2009,29.8,30.15,29.25,29.75,0.25,+0.85%,72060
06/08/2009,28.65,29.9,28.6,29.5,0.8,+2.79%,80060
06/05/2009,29.6,29.75,28.5,28.7,-0.7,-2.38%,63780
06/04/2009,28.15,29.4,27.8,29.4,1.55,+5.57%,73660
06/03/2009,28,28.35,27.4,27.85,-0.5,-1.76%,48140
06/02/2009,27.85,28.65,27.75,28.35,0.45,+1.61%,148760
06/01/2009,27.45,28.65,26.85,27.9,-0.3,-1.06%,81880
05/29/2009,27.85,28.25,27.05,28.2,0.55,+1.99%,71040
05/28/2009,27.55,27.8,26.9,27.65,0.25,+0.91%,46120
05/27/2009,29.35,29.65,27.35,27.4,-1.95,-6.64%,74860
05/26/2009,26.85,29.35,26.85,29.35,2.25,+8.30%,74480
05/22/2009,27.6,28.1,27.1,27.1,-0.4,-1.45%,35900
05/21/2009,27.6,28.65,26.9,27.5,-0.4,-1.43%,72260
05/20/2009,29.35,29.85,27.75,27.9,-1.1,-3.79%,88400
05/19/2009,30.4,30.45,28.95,29,-1.75,-5.69%,55880
05/18/2009,29.1,30.8,29.1,30.75,2.2,+7.71%,75920
05/15/2009,29.45,29.75,28.4,28.55,-0.85,-2.89%,71400
05/14/2009,29.15,29.75,28.8,29.4,0.45,+1.55%,67540
05/13/2009,29.95,30.25,28.75,28.95,-1.6,-5.24%,117920
05/12/2009,30.45,31.05,29.55,30.55,0.4,+1.33%,68920
05/11/2009,31,31.5,30.05,30.15,-1.5,-4.74%,81280
05/08/2009,29.75,31.75,29.55,31.65,2.6,+8.95%,105340
05/07/2009,29.5,30.1,28.85,29.05,0.25,+0.87%,103480
05/06/2009,29,29.65,28.1,28.8,0.4,+1.41%,118440
05/05/2009,29.45,29.45,28.15,28.4,-1.15,-3.89%,85180
05/04/2009,28.65,29.9,28.1,29.55,1.35,+4.79%,86180
05/01/2009,28.95,30.05,28.05,28.2,-1.8,-6.00%,64920
04/30/2009,30.85,31.15,29.75,30,-0.6,-1.96%,98160
04/29/2009,29.55,30.65,29,30.6,1.3,+4.44%,67220
04/28/2009,28.6,30,28.5,29.3,0.35,+1.21%,61400
04/27/2009,30.55,31.05,28.75,28.95,-2.5,-7.95%,117139
04/24/2009,30.9,31.6,30.2,31.45,0.75,+2.44%,116360
04/23/2009,32.3,33.05,29.35,30.7,-1.55,-4.81%,110780
04/22/2009,32.95,33.65,31.9,32.25,-1.35,-4.02%,103200
04/21/2009,31.6,33.6,30.35,33.6,1.95,+6.16%,89440
04/20/2009,34.15,34.6,31.65,31.65,-3.5,-9.96%,109100
04/17/2009,34.4,35.4,32.65,35.15,0.85,+2.48%,115580
04/16/2009,34,34.75,32.65,34.3,0.8,+2.39%,74120
04/15/2009,32.5,33.55,31.8,33.5,0.8,+2.45%,72580
04/14/2009,34.75,34.75,32.3,32.7,-2.6,-7.37%,130120
04/13/2009,34.45,35.3,33.2,35.3,0.4,+1.15%,116460
04/09/2009,31.95,34.9,31.95,34.9,3.5,+11.15%,129619
04/08/2009,31.4,32.25,30.5,31.4,0.2,+0.64%,49360
04/07/2009,31.45,32.65,31.1,31.2,-0.7,-2.19%,74620
04/06/2009,32.3,32.3,30.55,31.9,-0.8,-2.45%,75040
04/03/2009,31.7,32.7,30.65,32.7,0.8,+2.51%,119280
04/02/2009,32.05,32.05,30.75,31.9,1.95,+6.51%,152680
04/01/2009,29.9,31.3,29.15,29.95,-0.15,-0.50%,131440
03/31/2009,29.6,30.5,29.15,30.1,1,+3.44%,107840
03/30/2009,29.4,29.75,28.9,29.1,-1.15,-3.80%,118160
03/27/2009,31.75,32.25,30.2,30.25,-1.65,-5.17%,79620
03/26/2009,31.95,32,30.5,31.9,0.6,+1.92%,98700
03/25/2009,32.5,32.5,29.2,31.3,1.35,+4.51%,118659
03/24/2009,32.45,33.35,29.9,29.95,-3.1,-9.38%,111939
03/23/2009,29.8,33.05,29.6,33.05,4.1,+14.16%,147940
03/20/2009,30,30.6,28.95,28.95,-0.7,-2.36%,99860
03/19/2009,31.55,31.75,29.2,29.65,-1.5,-4.82%,101220
03/18/2009,29,31.25,27.05,31.15,1.8,+6.13%,140340
03/17/2009,27.5,29.35,27.25,29.35,1.9,+6.92%,105320
03/16/2009,28.75,29.45,27.3,27.45,-1.05,-3.68%,123080
03/13/2009,29.15,29.2,27.8,28.5,-0.2,-0.70%,90640
03/12/2009,26.05,28.8,25.5,28.7,2.4,+9.13%,131420
03/11/2009,27,27.65,25.9,26.3,-0.4,-1.50%,88620
03/10/2009,25.1,26.7,24.6,26.7,2.45,+10.10%,129580
03/09/2009,24.4,25.5,24.05,24.25,-0.4,-1.62%,96080
03/06/2009,25.25,25.9,23.55,24.65,-0.35,-1.40%,110659
03/05/2009,26.25,27.3,24.65,25,-1.9,-7.06%,168740
03/04/2009,28.5,28.5,25.75,26.9,-1.1,-3.93%,93940
03/03/2009,29.5,29.6,27.6,28,-1,-3.45%,146060
03/02/2009,29.75,31.85,28.75,29,-1.25,-4.13%,163520
02/27/2009,30.85,32.25,29.8,30.25,-1.1,-3.51%,122040
02/26/2009,30.45,32.7,30.3,31.35,0.7,+2.28%,81880
02/25/2009,31.5,32.65,29.5,30.65,-1.05,-3.31%,127960
02/24/2009,29.9,31.8,29.5,31.7,1.95,+6.55%,136760
02/23/2009,30.6,31.5,29.7,29.75,-0.65,-2.14%,149100
02/20/2009,30.8,31.2,29.05,30.4,-1.1,-3.49%,157600
02/19/2009,33.2,33.85,31.45,31.5,-1.25,-3.82%,68440
02/18/2009,33,33.8,32.35,32.75,0.3,+0.92%,127720
02/17/2009,33.25,33.55,32.45,32.45,-1.45,-4.28%,143380
02/13/2009,35.3,35.6,33.65,33.9,-1.25,-3.56%,99340
02/12/2009,34.75,35.45,33.3,35.15,-0.15,-0.42%,118259
02/11/2009,34.95,36.35,34.55,35.3,0.55,+1.58%,84560
02/10/2009,37,37.5,34.75,34.75,-2.65,-7.09%,111980
02/09/2009,37.45,38.15,36.75,37.4,-0.1,-0.27%,64760
02/06/2009,34.7,37.6,34.7,37.5,2.65,+7.60%,98840
02/05/2009,34,35.55,33.7,34.85,0.65,+1.90%,119760
02/04/2009,34.15,35.3,33.8,34.2,0.35,+1.03%,77360
02/03/2009,34.7,35.2,33.2,33.85,-0.4,-1.17%,86680
02/02/2009,33,34.45,32.9,34.25,0.75,+2.24%,87820
01/30/2009,35.05,35.7,33.4,33.5,-1.05,-3.04%,95840
01/29/2009,37.45,37.45,34.55,34.55,-3.35,-8.84%,94680
01/28/2009,36.55,37.95,36.25,37.9,2.15,+6.01%,99560
01/27/2009,35.65,36.15,34.85,35.75,0.35,+0.99%,71360
01/26/2009,36.05,37.25,34.95,35.4,-0.5,-1.39%,71760
01/23/2009,35.75,36.15,34.75,35.9,-1.15,-3.10%,131240
01/22/2009,39.6,39.6,36.7,37.05,-3.55,-8.74%,95640
01/21/2009,38.75,40.65,36.7,40.6,2.6,+6.84%,124520
01/20/2009,41.2,41.75,38,38,-4.1,-9.74%,121059
01/16/2009,42.1,43.65,40.1,42.1,0.35,+0.84%,94220
01/15/2009,41.75,42.55,40.1,41.75,0.1,+0.24%,95980
01/14/2009,43.2,43.8,41.55,41.65,-2.55,-5.77%,80960
01/13/2009,43.1,44.25,42.85,44.2,1.15,+2.67%,63340
01/12/2009,44.5,45.1,43,43.05,-1.65,-3.69%,98800
01/09/2009,46.95,47.4,44.6,44.7,-2.15,-4.59%,67560
01/08/2009,46.9,47.5,46.3,46.85,-0.3,-0.64%,62160
01/07/2009,47.25,48.65,46.85,47.15,-1.4,-2.88%,101140
01/06/2009,47.15,49.3,46.75,48.55,1.75,+3.74%,121580
01/05/2009,48.1,48.1,46.05,46.8,-0.75,-1.58%,75860
01/02/2009,48.1,48.2,46.7,47.55,0,0.00%,57980
12/31/2008,47.8,47.85,46.15,47.55,-0.35,-0.73%,116460
12/30/2008,47.5,48,46.35,47.9,0.95,+2.02%,111180
12/29/2008,48.05,48.8,46.55,46.95,-0.85,-1.78%,66580
12/26/2008,48.5,48.5,47.4,47.8,-0.4,-0.83%,43680
12/24/2008,48.1,48.75,47.5,48.2,0.4,+0.84%,24360
12/23/2008,49.55,50,47.75,47.8,-1.25,-2.55%,67680
12/22/2008,49.2,49.85,47.8,49.05,0.4,+0.82%,82320
12/19/2008,50.2,50.7,48.15,48.65,-0.3,-0.61%,225220
12/18/2008,49.35,50.5,48.45,48.95,-1.65,-3.26%,96420
12/17/2008,50.1,51.1,48.6,50.6,-0.25,-0.49%,74040
12/16/2008,49.8,51.35,48.9,50.85,2.2,+4.52%,151740
12/15/2008,50,50,47.85,48.65,-1.55,-3.09%,53560
12/12/2008,47.85,50.5,47.8,50.2,1.85,+3.83%,88720
12/11/2008,50.8,51.55,48.3,48.35,-3.05,-5.93%,105240
12/10/2008,52.6,53.05,49.85,51.4,-1.3,-2.47%,98080
12/09/2008,53.45,54.95,52.45,52.7,-1.4,-2.59%,114339
12/08/2008,52.45,55.05,52.45,54.1,-0.45,-0.82%,101040
12/05/2008,50.5,54.75,50.15,54.55,2.75,+5.31%,119600
12/04/2008,52.8,54.6,50.4,51.8,-1.9,-3.54%,90480
12/03/2008,50.2,54.3,50.1,53.7,1.9,+3.67%,155440
12/02/2008,51.2,53.45,47.15,51.8,4.8,+10.21%,264640
12/01/2008,52.1,52.5,46.95,47,-5.95,-11.24%,174640
11/28/2008,53.65,54.9,51.55,52.95,-1.9,-3.46%,57020
11/26/2008,52.6,55.25,52.6,54.85,0.6,+1.11%,118579
11/25/2008,52.9,54.95,51.35,54.25,0.25,+0.46%,172240
11/24/2008,50.65,54.1,49.5,54,4.6,+9.31%,189400
11/21/2008,47.35,50.4,44.65,49.4,2.8,+6.01%,230380
11/20/2008,48.1,50.7,45.95,46.6,-1.85,-3.82%,142820
11/19/2008,51.6,52.05,48.45,48.45,-3.3,-6.38%,125580
11/18/2008,52.5,52.5,48.95,51.75,0.7,+1.37%,100100
11/17/2008,50.75,52.8,50.75,51.05,-0.1,-0.20%,78000
11/14/2008,54.75,56.25,51,51.15,-4.65,-8.33%,81120
11/13/2008,51.4,56.25,48.75,55.8,5.35,+10.60%,126140
11/12/2008,53.15,55.6,50,50.45,-3.25,-6.05%,82640
11/11/2008,54.75,56,53.1,53.7,-0.1,-0.19%,68420
11/10/2008,56.05,56.5,53.15,53.8,-1.25,-2.27%,43180
11/07/2008,54.35,55.05,53.3,55.05,1.8,+3.38%,54120
11/06/2008,56.1,56.3,53,53.25,-1.85,-3.36%,84700
11/05/2008,59.35,59.7,54.6,55.1,-5.55,-9.15%,82780
11/04/2008,61,61.2,58.65,60.65,0.45,+0.75%,68320
11/03/2008,58.2,61.25,58.1,60.2,-0.65,-1.07%,81460
10/31/2008,58.55,61.25,55.7,60.85,2.45,+4.20%,135300
10/30/2008,57.25,58.75,55.15,58.4,2.85,+5.13%,75920
10/29/2008,55.8,58.25,52.9,55.55,-0.25,-0.45%,91980
10/28/2008,52.25,56,49.35,55.8,5.55,+11.04%,117820
10/27/2008,52,54.55,50.15,50.25,-1.6,-3.09%,61320
10/24/2008,48.85,54.85,48.8,51.85,-0.55,-1.05%,80640
10/23/2008,54.55,54.55,50,52.4,-1.15,-2.15%,93700
10/22/2008,55.45,55.5,52.7,53.55,-1.95,-3.51%,119340
10/21/2008,55.25,58,54.7,55.5,-1.8,-3.14%,102600
10/20/2008,54.75,57.3,54.15,57.3,2.8,+5.14%,78780
10/17/2008,54.55,57.45,53.65,54.5,-2.25,-3.96%,145500
10/16/2008,50.4,57.05,48.35,56.75,7.6,+15.46%,163920
10/15/2008,54.2,55.2,48.9,49.15,-5.9,-10.72%,116620
10/14/2008,58.3,58.3,52.05,55.05,-1.5,-2.65%,105300
10/13/2008,52.5,57.4,49.5,56.55,5.55,+10.88%,118259
10/10/2008,43.75,52.05,42.55,51,6.4,+14.35%,168020
10/09/2008,49.15,52.4,44.6,44.6,-6.8,-13.23%,137160
10/08/2008,47.2,56.9,46.75,51.4,2.25,+4.58%,96940
10/07/2008,50,55.45,48.9,49.15,-1.8,-3.53%,101760
10/06/2008,51.9,54.9,49.55,50.95,-2.95,-5.47%,107880
10/03/2008,60.5,60.5,53.9,53.9,-4.85,-8.26%,69980
10/02/2008,61.2,61.25,58.75,58.75,-2.35,-3.85%,36340
10/01/2008,58.1,61.3,57.9,61.1,2.55,+4.36%,53200
09/30/2008,59.2,61.6,57.75,58.55,-0.95,-1.60%,90480
09/29/2008,62.15,63.5,59.5,59.5,-3,-4.80%,94320
09/26/2008,60,63.5,60,62.5,1.55,+2.54%,115500
09/25/2008,58.95,62.5,58.95,60.95,1.8,+3.04%,106740
09/24/2008,59,61.5,58.25,59.15,-1.95,-3.19%,101180
09/23/2008,58.6,61.25,58.4,61.1,2.1,+3.56%,106520
09/22/2008,59.95,62.5,55.3,59,-7.25,-10.94%,169580
09/19/2008,62.65,68.7,55.3,66.25,8.05,+13.83%,368280
09/18/2008,55.4,58.35,53.8,58.2,4.8,+8.99%,264220
09/17/2008,53.55,55.55,52.9,53.4,-1.55,-2.82%,161280
09/16/2008,50.35,55,50.35,54.95,2.95,+5.67%,161660
09/15/2008,50.9,53.95,50.05,52,0.05,+0.10%,160240
09/12/2008,50.35,52.2,50.35,51.95,0.1,+0.19%,73200
09/11/2008,49.8,51.95,49.05,51.85,0.55,+1.07%,69980
09/10/2008,51.25,51.95,49.5,51.3,0.95,+1.89%,88440
09/09/2008,50,52.25,50,50.35,-1.15,-2.23%,116360
09/08/2008,50.3,51.95,50,51.5,1.45,+2.90%,142280
09/05/2008,48.45,50.35,47.85,50.05,1.5,+3.09%,67100
09/04/2008,49.6,50.25,48.55,48.55,-1.95,-3.86%,79640
09/03/2008,49.45,50.65,48.3,50.5,0.9,+1.81%,65900
09/02/2008,50,50.35,48.45,49.6,0.7,+1.43%,77040
08/29/2008,49.45,49.85,48.9,48.9,-1.1,-2.20%,79740
08/28/2008,49.75,50,48.05,50,0.75,+1.52%,95180
08/27/2008,48.4,49.95,48,49.25,0.7,+1.44%,57880
08/26/2008,47.15,48.7,47.15,48.55,1.35,+2.86%,51860
08/25/2008,48.8,49.2,47.2,47.2,-2.2,-4.45%,64320
08/22/2008,48.1,49.45,45.45,49.4,2.05,+4.33%,67700
08/21/2008,47.95,48.3,47.15,47.35,-0.75,-1.56%,39900
08/20/2008,47.95,49.65,46.95,48.1,0.35,+0.73%,55980
08/19/2008,47.5,48.75,47.15,47.75,0,0.00%,75860
08/18/2008,48.9,49.6,47.55,47.75,-1.65,-3.34%,48420
08/15/2008,49.5,49.95,48.15,49.4,0.55,+1.13%,93860
08/14/2008,47.6,49.25,47.6,48.85,0.85,+1.77%,44440
08/13/2008,49.3,49.35,47.3,48,-0.8,-1.64%,202660
08/12/2008,48.3,49.45,47.65,48.8,0.05,+0.10%,142340
08/11/2008,46.15,48.75,45.35,48.75,2.55,+5.52%,126060
08/08/2008,44.05,46.25,44.05,46.2,2.35,+5.36%,85900
08/07/2008,44.5,45.35,43.6,43.85,-1.45,-3.20%,81240
08/06/2008,44.25,45.5,43.2,45.3,0.75,+1.68%,92800
08/05/2008,43.8,44.65,42.75,44.55,1.4,+3.24%,106000
08/04/2008,42.6,43.95,42.4,43.15,-0.75,-1.71%,68780
08/01/2008,43.85,44.25,42.35,43.9,0.25,+0.57%,66500
07/31/2008,41.95,44.2,41.95,43.65,-0.4,-0.91%,75380
07/30/2008,41.85,44.25,41.85,44.05,0.05,+0.11%,89540
07/29/2008,40.65,44,40.5,44,3.65,+9.05%,110880
07/28/2008,41.95,43.05,40.05,40.35,-1.85,-4.38%,88700
07/25/2008,41.3,43.5,41.25,42.2,0.8,+1.93%,88860
07/24/2008,43.45,43.45,41.2,41.4,-1.8,-4.17%,96020
07/23/2008,43.1,44.75,42.05,43.2,0.05,+0.12%,117100
07/22/2008,38.6,43.25,38.25,43.15,3.05,+7.61%,139900
07/21/2008,41.15,41.85,39.95,40.1,-0.8,-1.96%,63000
07/18/2008,41.8,41.85,39.9,40.9,-1.1,-2.62%,110120
07/17/2008,38.5,42,38.5,42,3.6,+9.38%,145680
07/16/2008,35.45,39,35.15,38.4,3.25,+9.25%,131960
07/15/2008,35.3,37.25,34.05,35.15,-0.85,-2.36%,108499
07/14/2008,39.05,39.6,35.85,36,-2.95,-7.57%,114000
07/11/2008,37.25,39.1,37,38.95,1.2,+3.18%,89120
07/10/2008,36.85,38.65,36.85,37.75,0.9,+2.44%,76520
07/09/2008,39.4,39.5,36.85,36.85,-2.6,-6.59%,94440
07/08/2008,37.5,39.5,36.45,39.45,3.05,+8.38%,107340
07/07/2008,38.05,39,36.1,36.4,-1.3,-3.45%,77360
07/03/2008,39.4,39.45,37.7,37.7,-0.6,-1.57%,37480
07/02/2008,38.75,39.95,38.2,38.3,-0.35,-0.91%,106280
07/01/2008,36.95,38.8,36.95,38.65,1.55,+4.18%,86020
06/30/2008,37.9,38.4,37.1,37.1,-0.7,-1.85%,101120
06/27/2008,38.05,38.9,37.4,37.8,-0.45,-1.18%,294640
06/26/2008,37.8,38.7,37.65,38.25,0,0.00%,87940
06/25/2008,37.95,39.1,37.35,38.25,0.9,+2.41%,78060
06/24/2008,37.3,38.4,36.8,37.35,0,0.00%,62640
06/23/2008,39.4,39.4,37.3,37.35,-1.3,-3.36%,66420
06/20/2008,38.4,39.65,37.9,38.65,0.1,+0.26%,215200
06/19/2008,38.7,38.85,37.25,38.55,0.15,+0.39%,75080
06/18/2008,38.7,38.95,37.75,38.4,-0.3,-0.78%,58380
06/17/2008,39.9,39.9,38.25,38.7,-0.95,-2.40%,80660
06/16/2008,38.3,40,38.05,39.65,1.35,+3.52%,69780
06/13/2008,39.05,39.75,37.5,38.3,-0.25,-0.65%,78380
06/12/2008,38.7,39.65,38.3,38.55,0.65,+1.72%,69740
06/11/2008,39.15,39.65,37.9,37.9,-1.25,-3.19%,84480
06/10/2008,38.65,39.75,38.3,39.15,0.15,+0.38%,91440
06/09/2008,39.6,40,38.6,39,-0.6,-1.52%,117020
06/06/2008,40.55,40.6,39.2,39.6,-1.15,-2.82%,91840
06/05/2008,40,40.75,39.75,40.75,1.4,+3.56%,100340
06/04/2008,39.8,40.45,39.2,39.35,-0.75,-1.87%,97280
06/03/2008,41.7,42.25,39.7,40.1,-1.35,-3.26%,187900
06/02/2008,43.6,43.6,41.25,41.45,-2.35,-5.37%,109059
05/30/2008,43.8,43.85,42.8,43.8,0.15,+0.34%,117680
05/29/2008,42.1,43.8,42.1,43.65,1.5,+3.56%,104420
05/28/2008,43.3,43.3,41.35,42.15,-0.9,-2.09%,61840
05/27/2008,41.5,43.1,41.5,43.05,1.15,+2.74%,52020
05/23/2008,42.25,42.55,41.7,41.9,-0.7,-1.64%,42520
05/22/2008,42.4,42.95,41.75,42.6,0.85,+2.04%,63820
05/21/2008,41.8,42.5,41.55,41.75,0.1,+0.24%,54240
05/20/2008,41.7,42.5,41.5,41.65,-0.25,-0.60%,64040
05/19/2008,42.4,43.1,41.9,41.9,-0.6,-1.41%,78700
05/16/2008,43,43.4,41.85,42.5,-0.25,-0.58%,73680
05/15/2008,42.05,42.75,42,42.75,0.6,+1.42%,43800
05/14/2008,43.15,43.75,42.15,42.15,-0.85,-1.98%,43340
05/13/2008,43.55,43.55,42.5,43,-0.4,-0.92%,30540
05/12/2008,42.75,43.4,42.55,43.4,0.9,+2.12%,39980
05/09/2008,42.4,43.5,42.25,42.5,-0.25,-0.58%,31480
05/08/2008,43.25,44.5,42.25,42.75,-0.45,-1.04%,55880
05/07/2008,45.2,45.35,43.1,43.2,-2.05,-4.53%,69920
05/06/2008,44.55,45.3,44.3,45.25,0.55,+1.23%,54040
05/05/2008,45.2,45.8,44.6,44.7,-0.8,-1.76%,90400
05/02/2008,46.35,46.5,44.95,45.5,-0.75,-1.62%,87360
05/01/2008,43.55,46.25,43.55,46.25,2.6,+5.96%,76160
04/30/2008,44.85,45.2,43.6,43.65,-1.15,-2.57%,49300
04/29/2008,45.55,45.55,44.4,44.8,-0.7,-1.54%,34880
04/28/2008,45.35,45.7,44.6,45.5,0,0.00%,51260
04/25/2008,46,46,44.3,45.5,-0.3,-0.66%,61220
04/24/2008,44.4,46.25,44.25,45.8,1.5,+3.39%,109960
04/23/2008,45,45,44.25,44.3,-0.45,-1.01%,31180
04/22/2008,45.1,45.75,44.25,44.75,-0.55,-1.21%,51740
04/21/2008,46.05,46.95,45.3,45.3,-1.05,-2.27%,51380
04/18/2008,47.6,47.95,46,46.35,-0.6,-1.28%,80140
04/17/2008,46.2,47.45,45.9,46.95,0.7,+1.51%,84240
04/16/2008,45.2,46.95,44.6,46.25,1.4,+3.12%,79380
04/15/2008,43.25,45.05,43.05,44.85,1.5,+3.46%,54980
04/14/2008,43.85,44.35,43.3,43.35,-0.7,-1.59%,49160
04/11/2008,44.55,45.45,44.05,44.05,-0.95,-2.11%,49480
04/10/2008,44.7,45.6,44.25,45,0.2,+0.45%,43840
04/09/2008,46.05,47.25,44.8,44.8,-1.05,-2.29%,59500
04/08/2008,45.5,46.1,45.1,45.85,0.2,+0.44%,66020
04/07/2008,45.3,45.9,45,45.65,0.6,+1.33%,72360
04/04/2008,46.65,46.65,45.05,45.05,-1.45,-3.12%,51880
04/03/2008,46.35,46.9,45.55,46.5,-0.35,-0.75%,59440
04/02/2008,47,47.5,45.65,46.85,0.45,+0.97%,92140
04/01/2008,45.65,46.4,44.55,46.4,1.95,+4.39%,95300
03/31/2008,44.6,45.55,43.75,44.45,0.6,+1.37%,61160
03/28/2008,44.65,45.05,43.8,43.85,-0.7,-1.57%,57200
03/27/2008,45.65,46.1,44.5,44.55,-0.9,-1.98%,63300
03/26/2008,45.65,45.75,44.6,45.45,-0.55,-1.20%,43860
03/25/2008,45,46.7,44.4,46,0.8,+1.77%,91960
03/24/2008,46,47.1,44.9,45.2,-0.75,-1.63%,134460
03/20/2008,44.15,46,42.85,45.95,2.75,+6.37%,264500
03/19/2008,44.6,45,43.2,43.2,-1.05,-2.37%,128800
03/18/2008,43.2,44.5,41.7,44.25,2.15,+5.11%,116739
03/17/2008,40.35,43.15,40,42.1,-0.2,-0.47%,114720
03/14/2008,44.35,44.35,41.75,42.3,-1.75,-3.97%,104140
03/13/2008,42.5,45.05,41.3,44.05,0.95,+2.20%,125980
03/12/2008,44.2,45.15,43.1,43.1,-1.2,-2.71%,132080
03/11/2008,42.1,44.3,42.1,44.3,3.6,+8.85%,132720
03/10/2008,40.25,42.15,40.1,40.7,0.55,+1.37%,101200
03/07/2008,39.4,40.8,36.4,40.15,0,0.00%,144040
03/06/2008,40.7,41.1,40.1,40.15,-0.75,-1.83%,68940
03/05/2008,41.95,42.2,40.8,40.9,-0.95,-2.27%,81560
03/04/2008,41.25,42.25,40.45,41.85,-0.35,-0.83%,118080
03/03/2008,43.3,43.6,41.75,42.2,-1.05,-2.43%,75960
02/29/2008,44.5,44.95,42.95,43.25,-1.75,-3.89%,90900
02/28/2008,45.8,45.9,45,45,-1,-2.17%,78620
02/27/2008,46.25,47.5,45.3,46,-0.75,-1.60%,106400
02/26/2008,46.1,47.15,46.05,46.75,0.25,+0.54%,85560
02/25/2008,46.5,46.85,45.5,46.5,-0.1,-0.21%,60560
02/22/2008,46.35,46.85,45.15,46.6,0.25,+0.54%,106800
02/21/2008,47.55,47.9,46.05,46.35,-0.75,-1.59%,75520
02/20/2008,46.45,47.95,46.25,47.1,0.4,+0.86%,108560
02/19/2008,48.45,48.95,46.45,46.7,-1.05,-2.20%,76580
02/15/2008,47.5,48.3,46.85,47.75,-0.05,-0.10%,70200
02/14/2008,49.6,49.85,47.75,47.8,-1.8,-3.63%,71940
02/13/2008,49.95,50,48.75,49.6,0.15,+0.30%,64900
02/12/2008,48.95,49.95,48.75,49.45,0.85,+1.75%,57380
02/11/2008,49.5,49.75,48.55,48.6,-1,-2.02%,82320
02/08/2008,50.4,51,49.1,49.6,-1.1,-2.17%,68240
02/07/2008,49.2,50.7,49.05,50.7,1.15,+2.32%,65640
02/06/2008,49.6,50.7,49.45,49.55,0.25,+0.51%,69520
02/05/2008,49.25,50.65,49.25,49.3,-1.15,-2.28%,54500
02/04/2008,51.35,51.5,50.3,50.45,-1.1,-2.13%,65120
02/01/2008,51.3,52.05,50.2,51.55,0.05,+0.10%,59140
01/31/2008,48.25,51.55,48.25,51.5,2.45,+4.99%,126620
01/30/2008,49.15,50.75,48.85,49.05,-0.55,-1.11%,89960
01/29/2008,50.4,50.45,48.5,49.6,-0.4,-0.80%,63420
01/28/2008,48.55,50.1,48.2,50,1.4,+2.88%,67940
01/25/2008,50.2,50.25,48.15,48.6,-0.9,-1.82%,66660
01/24/2008,51.55,51.55,49.1,49.5,-1.65,-3.23%,77880
01/23/2008,47.1,51.2,46.55,51.15,3,+6.23%,141880
01/22/2008,45,50,45,48.15,2.3,+5.02%,109680
01/18/2008,46.05,47.4,45.2,45.85,-0.7,-1.50%,115020
01/17/2008,47.8,47.8,46.2,46.55,-1.15,-2.41%,73560
01/16/2008,45.7,48.25,45.55,47.7,1.9,+4.15%,68100
01/15/2008,45.1,46.85,45.1,45.8,-0.5,-1.08%,75260
01/14/2008,46.55,48.6,45.9,46.3,-0.35,-0.75%,66540
01/11/2008,47.45,48.3,46.45,46.65,-1.45,-3.01%,49400
01/10/2008,46.25,48.75,46.05,48.1,1.1,+2.34%,76600
01/09/2008,45.6,47,45,47,1.4,+3.07%,92860
01/08/2008,47.95,48.9,45.6,45.6,-2.2,-4.60%,72820
01/07/2008,47.5,49.25,47.05,47.8,0.8,+1.70%,77800
01/04/2008,48.3,49.15,46.95,47,-1.95,-3.98%,95340
01/03/2008,49.6,50,48.6,48.95,0.2,+0.41%,95660
01/02/2008,50.35,50.35,47.9,48.75,-0.85,-1.71%,100680
12/31/2007,50.05,50.7,49,49.6,-0.45,-0.90%,64080
12/28/2007,51.7,52.35,50,50.05,-0.85,-1.67%,47160
12/27/2007,52.7,53.5,50.9,50.9,-1.8,-3.42%,99780
12/26/2007,52.8,53.45,52.25,52.7,-0.65,-1.22%,76580
12/24/2007,52.95,53.5,52.4,53.35,0.65,+1.23%,33460
12/21/2007,52.55,52.7,50.75,52.7,1.05,+2.03%,223340
12/20/2007,51.85,51.85,50.15,51.65,0.35,+0.68%,59180
12/19/2007,50.3,51.75,49.95,51.3,0.95,+1.89%,52560
12/18/2007,49.6,50.45,48.05,50.35,1.6,+3.28%,67280
12/17/2007,49.5,50.1,48.75,48.75,-0.95,-1.91%,41760
12/14/2007,50.4,51.25,49.7,49.7,-1.55,-3.02%,48680
12/13/2007,50.5,51.4,49.8,51.25,0.2,+0.39%,43200
12/12/2007,53.15,53.85,50.2,51.05,0.15,+0.29%,60120
12/11/2007,53.5,54.25,50.9,50.9,-2.35,-4.41%,63180
12/10/2007,52.95,53.5,52.5,53.25,0.35,+0.66%,35100
12/07/2007,53.6,53.7,52.1,52.9,-0.65,-1.21%,41840
12/06/2007,51.4,53.55,50.9,53.55,2,+3.88%,67460
12/05/2007,51.25,51.55,50.25,51.55,1,+1.98%,41560
12/04/2007,51.3,51.65,50.55,50.55,-1.25,-2.41%,47000
12/03/2007,53.05,53.6,51.8,51.8,-1.35,-2.54%,44180
11/30/2007,53.25,53.75,52.05,53.15,0.9,+1.72%,76100
11/29/2007,53.3,53.3,51.4,52.25,-1.35,-2.52%,49920
11/28/2007,50.9,53.6,50.9,53.6,3.1,+6.14%,76640
11/27/2007,50.3,51.3,50,50.5,0.35,+0.70%,36800
11/26/2007,52.45,52.45,50.05,50.15,-2.3,-4.39%,53460
11/23/2007,51,52.5,51,52.45,1.5,+2.94%,20700
11/21/2007,51.45,52.35,49.6,50.95,-0.7,-1.36%,62660
11/20/2007,50.75,51.95,49.55,51.65,0.8,+1.57%,83080
11/19/2007,51.5,51.5,50.05,50.85,-1.1,-2.12%,51960
11/16/2007,51.75,52.75,50.55,51.95,0.35,+0.68%,70840
11/15/2007,52.25,52.45,50.95,51.6,-0.8,-1.53%,61700
11/14/2007,53.75,53.75,51.75,52.4,-1.15,-2.15%,55380
11/13/2007,51.95,53.55,50.05,53.55,2.2,+4.28%,60920
11/12/2007,51.4,52.4,50.15,51.35,0.25,+0.49%,56460
11/09/2007,49.3,51.3,48.25,51.1,1.3,+2.61%,67040
11/08/2007,48.35,50,47.65,49.8,1.85,+3.86%,55180
11/07/2007,49.9,50.35,47.95,47.95,-2.65,-5.24%,56180
11/06/2007,49.55,50.65,48.75,50.6,1.05,+2.12%,52440
11/05/2007,49.25,50,48.8,49.55,-0.05,-0.10%,71020
11/02/2007,50.1,50.3,49,49.6,0.35,+0.71%,52300
11/01/2007,51.9,51.95,49.25,49.25,-3.45,-6.55%,87420
10/31/2007,52.25,52.7,51.35,52.7,0.75,+1.44%,60360
10/30/2007,51.45,52.35,51.25,51.95,0.35,+0.68%,50720
10/29/2007,52,52.5,51.2,51.6,-0.3,-0.58%,43400
10/26/2007,50.65,51.9,50,51.9,1.75,+3.49%,45940
10/25/2007,50.95,51.3,49.55,50.15,-0.55,-1.08%,49080
10/24/2007,51,51.1,49.25,50.7,-0.8,-1.55%,45520
10/23/2007,51.75,51.75,50.5,51.5,0.3,+0.59%,43700
10/22/2007,49.4,51.4,49.3,51.2,1.95,+3.96%,71820
10/19/2007,51.2,51.2,49.25,49.25,-1.95,-3.81%,97080
10/18/2007,50.85,51.6,50.15,51.2,-0.05,-0.10%,58240
10/17/2007,51.4,51.9,50.5,51.25,0.55,+1.08%,55140
10/16/2007,51.8,52.2,50.7,50.7,-1.25,-2.41%,55500
10/15/2007,53.95,54.6,51.8,51.95,-2.2,-4.06%,74360
10/12/2007,54.45,55.35,54.05,54.15,-0.3,-0.55%,33800
10/11/2007,55.9,56.25,54.45,54.45,-1.3,-2.33%,70560
10/10/2007,56.4,56.4,55.5,55.75,-0.65,-1.15%,36400
10/09/2007,56.5,56.5,55.75,56.4,0,0.00%,50340
10/08/2007,57,57.25,56.3,56.4,-0.95,-1.66%,55020
10/05/2007,56.95,57.45,56.4,57.35,0.75,+1.33%,50520
10/04/2007,56.6,56.8,56.2,56.6,0.3,+0.53%,24340
10/03/2007,57,57.2,54,56.3,-1.15,-2.00%,50500
10/02/2007,56.6,57.5,56.55,57.45,1.05,+1.86%,61840
10/01/2007,55.2,56.4,55,56.4,1.75,+3.20%,54540
09/28/2007,55.1,55.5,54,54.65,-0.4,-0.73%,67800
09/27/2007,55.45,55.75,54.45,55.05,-0.05,-0.09%,43220
09/26/2007,54.95,55.5,54.35,55.1,0.65,+1.19%,46780
09/25/2007,55,55.3,54.3,54.45,-0.25,-0.46%,64620
09/24/2007,55.1,55.5,54.4,54.7,-0.5,-0.91%,71300
09/21/2007,56.75,57,55.15,55.2,-1.1,-1.95%,117699
09/20/2007,56.7,57,55.55,56.3,-0.7,-1.23%,47100
09/19/2007,56.55,57.4,55.9,57,0.75,+1.33%,63860
09/18/2007,54.2,56.5,53.7,56.25,2.25,+4.17%,75660
09/17/2007,54.8,54.8,53.3,54,-0.85,-1.55%,28080
09/14/2007,53.2,55,52.9,54.85,1.1,+2.05%,47500
09/13/2007,54.25,54.55,53.3,53.75,-0.25,-0.46%,34660
09/12/2007,54.25,54.65,53.9,54,-0.65,-1.19%,27520
09/11/2007,54.05,54.75,53.8,54.65,0.8,+1.49%,33280
09/10/2007,54.7,54.9,52.65,53.85,-0.6,-1.10%,39020
09/07/2007,54.45,54.95,54.25,54.45,-1,-1.80%,44660
09/06/2007,55.65,55.75,54.45,55.45,-0.2,-0.36%,40220
09/05/2007,55.5,55.9,53.95,55.65,-0.4,-0.71%,102420
09/04/2007,55.65,56.9,55.3,56.05,0.15,+0.27%,58100
08/31/2007,56.15,56.85,55.45,55.9,0.45,+0.81%,54180
08/30/2007,54.55,56.1,54.5,55.45,0.25,+0.45%,81440
08/29/2007,54.45,55.7,54.45,55.2,1,+1.85%,51360
08/28/2007,54.6,54.95,53.65,54.2,-0.85,-1.54%,73260
08/27/2007,54.7,55.3,53.75,55.05,0.3,+0.55%,52360
08/24/2007,53.65,54.75,53.4,54.75,0.65,+1.20%,31760
08/23/2007,55.2,55.5,53.65,54.1,-0.75,-1.37%,42460
08/22/2007,55.2,55.75,54.15,54.85,0.4,+0.73%,55640
08/21/2007,54.25,55.75,53.35,54.45,-0.05,-0.09%,102420
08/20/2007,56.25,56.6,53.9,54.5,-1.6,-2.85%,82840
08/17/2007,56.5,56.75,54.05,56.1,1.85,+3.41%,146720
08/16/2007,49.95,55.25,49.65,54.25,5.05,+10.26%,170780
08/15/2007,48.75,51.45,48.75,49.2,0.3,+0.61%,64980
08/14/2007,50.05,50.75,48.85,48.9,-1.2,-2.40%,74220
08/13/2007,54.65,55,50.1,50.1,-3.6,-6.70%,107220
08/10/2007,54.15,55.25,53,53.7,-2.05,-3.68%,141460
08/09/2007,53.75,58.35,51.45,55.75,-0.15,-0.27%,457999
08/08/2007,51.25,57.4,51.05,55.9,4.95,+9.72%,375000
08/07/2007,49,51.15,48.65,50.95,1.55,+3.14%,161380
08/06/2007,46.4,49.65,46.1,49.4,3.35,+7.27%,204820
08/03/2007,47.65,47.8,45.95,46.05,-1.5,-3.15%,92700
08/02/2007,47.25,47.65,46.25,47.55,0.5,+1.06%,98400
08/01/2007,46.25,47.05,46,47.05,0.65,+1.40%,136700
07/31/2007,47.4,47.6,46.3,46.4,-0.65,-1.38%,114819
07/30/2007,46.4,47.2,45.7,47.05,0.5,+1.07%,78820
07/27/2007,46.7,47.25,46.15,46.55,-0.2,-0.43%,117619
07/26/2007,46.5,50,46,46.75,-0.1,-0.21%,160900
07/25/2007,47.35,47.65,46.5,46.85,-0.25,-0.53%,119260
07/24/2007,48.75,48.75,46.75,47.1,-1.05,-2.18%,105260
07/23/2007,48.2,49.15,47.9,48.15,0.05,+0.10%,79780
07/20/2007,48.2,48.65,47.7,48.1,-0.2,-0.41%,164540
07/19/2007,48.6,48.75,48.15,48.3,-0.05,-0.10%,66460
07/18/2007,48.35,48.5,47.95,48.35,-0.5,-1.02%,137880
07/17/2007,48.75,49.9,48.75,48.85,-0.2,-0.41%,43140
07/16/2007,48.9,49.5,48.75,49.05,-0.15,-0.30%,75880
07/13/2007,49.35,49.5,49.1,49.2,-0.25,-0.51%,35180
07/12/2007,49.35,49.9,49.1,49.45,0.35,+0.71%,49640
07/11/2007,48.9,49.25,48.65,49.1,0.15,+0.31%,86640
07/10/2007,49.55,49.85,48.9,48.95,-0.7,-1.41%,85260
07/09/2007,50,50.1,49.55,49.65,-0.15,-0.30%,50060
07/06/2007,50.05,50.15,49.65,49.8,-0.35,-0.70%,45340
07/05/2007,51.35,51.35,49.8,50.15,-0.25,-0.50%,41900
07/03/2007,50,50.5,50,50.4,0.55,+1.10%,33920
07/02/2007,50,50.15,49.4,49.85,0.45,+0.91%,54860
06/29/2007,50.05,50.5,49.15,49.4,-0.6,-1.20%,135880
06/28/2007,49.4,50.35,49.2,50,0.5,+1.01%,56960
06/27/2007,49.45,49.8,49,49.5,-0.15,-0.30%,145300
06/26/2007,49.35,49.85,49,49.65,0.6,+1.22%,77320
06/25/2007,49.35,50,48.9,49.05,-0.45,-0.91%,65900
06/22/2007,48.95,49.5,48.5,49.5,0.5,+1.02%,177520
06/21/2007,48.55,49.25,47.95,49,0,0.00%,104440
06/20/2007,49.35,49.45,48.65,49,-0.1,-0.20%,74500
06/19/2007,48.9,49.45,48.9,49.1,-0.1,-0.20%,68640
06/18/2007,50.75,50.75,49.1,49.2,-0.6,-1.20%,56820
06/15/2007,49.95,50.2,49.3,49.8,0.9,+1.84%,146960
06/14/2007,49,49.3,48.7,48.9,-0.15,-0.31%,61920
06/13/2007,48,49.2,47.65,49.05,1.05,+2.19%,84420
06/12/2007,48.85,48.85,47.9,48,-0.6,-1.23%,53580
06/11/2007,48.45,48.85,48,48.6,0.1,+0.21%,46760
06/08/2007,47.6,48.55,47.6,48.5,0.6,+1.25%,51440
06/07/2007,48,48.15,47.6,47.9,-0.45,-0.93%,70720
06/06/2007,48.15,48.6,47.9,48.35,-1.1,-2.22%,63820
06/05/2007,49.5,49.9,48.95,49.45,-0.35,-0.70%,81100
06/04/2007,49.5,49.85,48.8,49.8,0.25,+0.50%,101100
06/01/2007,49.4,49.6,48.6,49.55,1,+2.06%,81140
05/31/2007,48.85,48.85,47.7,48.55,0.05,+0.10%,105880
05/30/2007,48.2,48.65,47.75,48.5,0.15,+0.31%,50800
05/29/2007,48,48.5,47.85,48.35,0.3,+0.62%,47180
05/25/2007,47.9,48.25,47.6,48.05,0.3,+0.63%,42840
05/24/2007,48.05,48.75,47.6,47.75,-0.4,-0.83%,71280
05/23/2007,49,49,48.05,48.15,-0.7,-1.43%,62420
05/22/2007,47.9,48.9,47.5,48.85,1,+2.09%,87420
05/21/2007,47.2,48.2,47,47.85,0.45,+0.95%,61240
05/18/2007,46.9,47.45,46.55,47.4,0.7,+1.50%,63600
05/17/2007,46.9,47.05,46.6,46.7,-0.2,-0.43%,64760
05/16/2007,46.45,47.05,46.35,46.9,0.45,+0.97%,93020
05/15/2007,47.1,47.35,46.3,46.45,-0.15,-0.32%,73220
05/14/2007,47.1,47.4,46.35,46.6,-0.5,-1.06%,67820
05/11/2007,46.45,47.15,45.85,47.1,0.8,+1.73%,42100
05/10/2007,47.55,47.55,46.25,46.3,-1.25,-2.63%,78460
05/09/2007,47.05,47.7,47,47.55,0.15,+0.32%,35380
05/08/2007,47.6,47.7,46.95,47.4,-0.3,-0.63%,61020
05/07/2007,47.35,47.75,47.05,47.7,0,0.00%,68840
05/04/2007,47.2,47.7,47.15,47.7,0.3,+0.63%,46840
05/03/2007,47.7,47.75,47.35,47.4,-0.15,-0.32%,41820
05/02/2007,47.1,47.65,46.6,47.55,0.65,+1.39%,73200
05/01/2007,46.1,46.95,45.75,46.9,1.05,+2.29%,73500
04/30/2007,47.2,47.35,45.75,45.85,-1.2,-2.55%,97180
04/27/2007,47.4,47.55,46.9,47.05,-0.45,-0.95%,53680
04/26/2007,47.25,47.65,47,47.5,0.2,+0.42%,50880
04/25/2007,47.75,48,47.25,47.3,-0.3,-0.63%,55700
04/24/2007,48.15,48.15,47.25,47.6,0.1,+0.21%,69340
04/23/2007,48.1,48.2,47.45,47.5,-0.6,-1.25%,44260
04/20/2007,48,48.2,47.65,48.1,0.55,+1.16%,54540
04/19/2007,48.4,48.4,47.35,47.55,-0.3,-0.63%,60960
04/18/2007,48,48.75,47.55,47.85,0.05,+0.10%,49960
04/17/2007,48.2,48.6,47.6,47.8,-0.2,-0.42%,39140
04/16/2007,47.35,48.2,47.35,48,0.85,+1.80%,47820
04/13/2007,47,47.25,46.85,47.15,0.25,+0.53%,40820
04/12/2007,46.8,46.95,46.55,46.9,0.1,+0.21%,77860
04/11/2007,47.6,47.65,46.65,46.8,-0.6,-1.27%,78460
04/10/2007,47.65,47.8,47.2,47.4,-0.15,-0.32%,57960
04/09/2007,48,48,47.4,47.55,-0.1,-0.21%,52520
04/05/2007,47.8,47.8,47.5,47.65,0.1,+0.21%,36280
04/04/2007,48.25,48.4,47.5,47.55,-0.6,-1.25%,49660
04/03/2007,47.8,48.45,47.7,48.15,0.85,+1.80%,73740
04/02/2007,47.75,48.45,47.15,47.3,-0.6,-1.25%,82020
03/30/2007,48.2,48.5,47.2,47.9,-0.2,-0.42%,84680
03/29/2007,48.2,48.25,47.45,48.1,0.4,+0.84%,82140
03/28/2007,48.25,48.25,47.6,47.7,-0.7,-1.45%,45800
03/27/2007,49.1,49.1,48.35,48.4,-0.75,-1.53%,43260
03/26/2007,49.75,49.95,48.65,49.15,-0.5,-1.01%,43720
03/23/2007,49.45,49.75,49.35,49.65,0.25,+0.51%,36100
03/22/2007,49.7,49.8,49.15,49.4,-0.1,-0.20%,61420
03/21/2007,48.75,49.8,48.2,49.5,0.9,+1.85%,57620
03/20/2007,48,48.65,47.55,48.6,0.7,+1.46%,62380
03/19/2007,47.85,48.3,47.75,47.9,0.25,+0.52%,92200
03/16/2007,47.9,48.1,47.45,47.65,-0.3,-0.63%,150440
03/15/2007,47.4,47.95,47,47.95,0.35,+0.74%,152980
03/14/2007,47.2,47.75,47,47.6,0.3,+0.63%,203320
03/13/2007,48.55,48.55,47.25,47.3,-1.3,-2.67%,105780
03/12/2007,48.75,48.8,48.5,48.6,-0.15,-0.31%,42720
03/09/2007,49.4,49.5,48.65,48.75,-0.5,-1.02%,119080
03/08/2007,48.9,50.15,48.9,49.25,-0.1,-0.20%,109859
03/07/2007,49.7,49.7,48.4,49.35,-0.2,-0.40%,139380
03/06/2007,47.15,49.65,47.15,49.55,2.3,+4.87%,81440
03/05/2007,48.6,48.8,47.25,47.25,-1.4,-2.88%,91340
03/02/2007,48.55,49.55,48.55,48.65,-0.45,-0.92%,78360
03/01/2007,49.3,49.75,48.9,49.1,-0.35,-0.71%,92020
02/28/2007,49.9,51.05,49.25,49.45,-0.65,-1.30%,107980
02/27/2007,51.8,52,49.75,50.1,-1.9,-3.65%,146120
02/26/2007,51.75,52.15,51.75,52,0.25,+0.48%,86560
02/23/2007,52.25,52.4,51.75,51.75,-0.7,-1.33%,101400
02/22/2007,51.95,52.45,51.85,52.45,0.45,+0.87%,41480
02/21/2007,52,52.3,51.8,52,-0.35,-0.67%,47220
02/20/2007,52.35,52.5,51.8,52.35,0.15,+0.29%,40900
02/16/2007,52.3,52.3,51.9,52.2,0,0.00%,50140
02/15/2007,52.4,52.75,52.2,52.2,-0.3,-0.57%,43500
02/14/2007,52.85,53.25,52.4,52.5,-0.3,-0.57%,32360
02/13/2007,52.75,52.95,52.3,52.8,0,0.00%,34760
02/12/2007,52.5,52.85,52.25,52.8,0.35,+0.67%,31860
02/09/2007,52.5,52.6,52.25,52.45,-0.25,-0.47%,55380
02/08/2007,52.65,52.8,52.3,52.7,-0.15,-0.28%,34100
02/07/2007,52.6,53,52.45,52.85,0.2,+0.38%,47360
02/06/2007,52.4,53,52.35,52.65,-0.05,-0.09%,42460
02/05/2007,52.9,52.9,52.3,52.7,0.05,+0.09%,66960
02/02/2007,52.8,53.25,52.55,52.65,-0.45,-0.85%,43860
02/01/2007,52.7,53.2,52.5,53.1,0.5,+0.95%,32780
01/31/2007,52.4,52.95,52.25,52.6,0.05,+0.10%,47140
01/30/2007,52.45,52.7,52.35,52.55,0.05,+0.10%,36620
01/29/2007,52.8,53,52.35,52.5,-0.35,-0.66%,68780
01/26/2007,52.85,52.95,51.9,52.85,0.45,+0.86%,62720
01/25/2007,52.5,52.9,52,52.4,-0.2,-0.38%,74080
01/24/2007,52.65,52.7,52.2,52.6,0.2,+0.38%,54580
01/23/2007,52.3,52.6,52.2,52.4,-0.1,-0.19%,66640
01/22/2007,52.6,52.85,52,52.5,0.05,+0.10%,60300
01/19/2007,52.35,52.75,52,52.45,0,0.00%,45780
01/18/2007,53.7,53.95,52.35,52.45,-1.45,-2.69%,69860
01/17/2007,54.15,54.8,53.85,53.9,-0.8,-1.46%,37300
01/16/2007,55.15,55.2,54.25,54.7,-0.25,-0.45%,39000
01/12/2007,54.75,55.05,54.65,54.95,0,0.00%,31860
01/11/2007,54.8,55.25,54.7,54.95,0.35,+0.64%,30940
01/10/2007,54.75,55.15,54.5,54.6,-0.5,-0.91%,26080
01/09/2007,55,55.25,54.45,55.1,0.1,+0.18%,36600
01/08/2007,55.3,55.55,54.55,55,0,0.00%,41360
01/05/2007,56.3,56.3,55,55,-1.3,-2.31%,40680
01/04/2007,55.75,57.25,55.3,56.3,0.4,+0.72%,46900
01/03/2007,56.05,57.2,55.2,55.9,0.3,+0.54%,62180
12/29/2006,56.95,57.1,55.55,55.6,-1.25,-2.20%,59920
12/28/2006,56.85,57.25,56.85,56.85,-0.15,-0.26%,30340
12/27/2006,56.75,57,56.6,57,0.55,+0.97%,35860
12/26/2006,55.25,56.5,55.15,56.45,0.9,+1.62%,36520
12/22/2006,56.05,56.05,55.45,55.55,-0.35,-0.63%,26040
12/21/2006,56.05,56.4,55.4,55.9,-0.2,-0.36%,38480
12/20/2006,56.2,56.25,55.85,56.1,0,0.00%,33360
12/19/2006,55.6,56.4,55.55,56.1,0.15,+0.27%,29280
12/18/2006,57.2,57.4,55.7,55.95,-1,-1.76%,32240
12/15/2006,56.7,57.4,56.55,56.95,0.35,+0.62%,108360
12/14/2006,56.2,57.05,52.95,56.6,0.55,+0.98%,39600
12/13/2006,55.4,56.15,55.25,56.05,0.65,+1.17%,33060
12/12/2006,55.45,55.65,55.1,55.4,0.1,+0.18%,22980
12/11/2006,55.3,55.75,55.15,55.3,-0.2,-0.36%,16520
12/08/2006,55.4,55.7,55,55.5,-0.15,-0.27%,22840
12/07/2006,55.9,56.2,55.65,55.65,-0.55,-0.98%,24580
12/06/2006,56.65,56.75,55.8,56.2,-0.95,-1.66%,46100
12/05/2006,56.75,57.2,56.4,57.15,0.6,+1.06%,37740
12/04/2006,55.75,56.7,55.5,56.55,1.05,+1.89%,44180
12/01/2006,56.2,56.3,54.85,55.5,-0.7,-1.25%,68100
11/30/2006,56.45,56.6,55.5,56.2,-0.2,-0.35%,61520
11/29/2006,55.3,56.4,55.05,56.4,1.15,+2.08%,30360
11/28/2006,54.65,55.35,54.65,55.25,0.4,+0.73%,37400
11/27/2006,56.05,56.05,54.6,54.85,-1.45,-2.58%,60840
11/24/2006,56,56.75,56,56.3,0.1,+0.18%,11680
11/22/2006,57.35,57.35,56.05,56.2,-0.5,-0.88%,23840
11/21/2006,57.3,57.3,56.35,56.7,-0.6,-1.05%,33240
11/20/2006,57.4,57.4,56.65,57.3,0.15,+0.26%,29600
11/17/2006,57.25,57.25,56.1,57.15,-0.15,-0.26%,31060
11/16/2006,56.95,57.35,56.6,57.3,0.3,+0.53%,36200
11/15/2006,55.95,57.25,55.8,57,0.9,+1.60%,67900
11/14/2006,55.25,56.2,54.75,56.1,0.85,+1.54%,42920
11/13/2006,54.75,55.35,54.7,55.25,0.35,+0.64%,34120
11/10/2006,54.4,54.95,54.25,54.9,0.4,+0.73%,25480
11/09/2006,55.15,55.15,53.95,54.5,-0.6,-1.09%,35740
11/08/2006,54.25,55.2,54.15,55.1,0.5,+0.92%,31000
11/07/2006,54.35,55.3,54.35,54.6,0.1,+0.18%,33040
11/06/2006,54.3,54.95,53.8,54.5,0.45,+0.83%,24720
11/03/2006,54.05,54.35,53.75,54.05,0.3,+0.56%,34260
11/02/2006,53.75,54.35,53.7,53.75,-0.05,-0.09%,37000
11/01/2006,55.15,55.25,53.8,53.8,-1.45,-2.62%,48700
10/31/2006,54.95,55.45,54.75,55.25,-0.1,-0.18%,37220
10/30/2006,55.65,55.65,54.45,55.35,0.35,+0.64%,29500
10/27/2006,55.25,55.45,54.75,55,-0.55,-0.99%,24460
10/26/2006,55.15,55.55,54.7,55.55,0.45,+0.82%,39760
10/25/2006,55.25,55.3,54.5,55.1,0.05,+0.09%,29240
10/24/2006,54.75,55.1,54.65,55.05,-0.1,-0.18%,43280
10/23/2006,55,55.5,54.7,55.15,0.05,+0.09%,36200
10/20/2006,55.75,55.75,55,55.1,-0.45,-0.81%,23000
10/19/2006,55.1,55.6,54.95,55.55,0.15,+0.27%,31720
10/18/2006,55.95,55.95,54.95,55.4,-0.2,-0.36%,53720
10/17/2006,55.2,55.85,54.8,55.6,-0.15,-0.27%,52100
10/16/2006,55.15,55.85,55.1,55.75,0.05,+0.09%,42600
10/13/2006,55.4,56,55.05,55.7,0.4,+0.72%,46360
10/12/2006,55.25,55.35,53.9,55.3,0.9,+1.65%,48360
10/11/2006,55.05,55.05,53.8,54.4,-0.7,-1.27%,51920
10/10/2006,55.5,55.5,54.7,55.1,-0.3,-0.54%,26980
10/09/2006,54.75,55.45,54.55,55.4,0.45,+0.82%,17000
10/06/2006,55.15,55.4,54.8,54.95,-0.5,-0.90%,18100
10/05/2006,55.2,55.5,54.8,55.45,0.5,+0.91%,35320
10/04/2006,53.9,55.1,53.6,54.95,1.1,+2.04%,45660
10/03/2006,53.8,54.25,53.7,53.85,0.1,+0.19%,40680
10/02/2006,54.8,54.8,53.7,53.75,-0.45,-0.83%,43680
09/29/2006,54.95,55,53.95,54.2,-0.65,-1.19%,41180
09/28/2006,54.95,55,54.45,54.85,0.1,+0.18%,31380
09/27/2006,54.1,55.05,54.1,54.75,0.6,+1.11%,27080
09/26/2006,54.45,54.85,54.15,54.15,-0.15,-0.28%,30040
09/25/2006,53.85,54.5,53.75,54.3,0.4,+0.74%,33160
09/22/2006,54.4,54.45,53.45,53.9,-0.8,-1.46%,40020
09/21/2006,55.15,55.5,54.35,54.7,-0.45,-0.82%,28980
09/20/2006,54.7,55.25,54.6,55.15,0.65,+1.19%,39420
09/19/2006,54.7,54.85,53.55,54.5,-0.3,-0.55%,32120
09/18/2006,54.3,55,54.25,54.8,0.2,+0.37%,23120
09/15/2006,55.25,55.25,54.25,54.6,0.1,+0.18%,96020
09/14/2006,54.4,54.75,54.2,54.5,-0.2,-0.37%,22340
09/13/2006,54.6,54.7,54.1,54.7,0.2,+0.37%,31280
09/12/2006,53.45,54.65,53.15,54.5,1.25,+2.35%,45900
09/11/2006,52.95,53.5,52.95,53.25,0,0.00%,19300
09/08/2006,53.25,53.3,52.8,53.25,0.2,+0.38%,15640
09/07/2006,53.4,53.7,53,53.05,-0.4,-0.75%,20820
09/06/2006,54.4,54.45,53.45,53.45,-1.6,-2.91%,26260
09/05/2006,55.1,55.15,54.65,55.05,0.1,+0.18%,34900
09/01/2006,55.2,55.4,54.75,54.95,-0.05,-0.09%,15640
08/31/2006,55.3,55.4,54.9,55,-0.1,-0.18%,25680
08/30/2006,55.55,55.55,53.9,55.1,0.65,+1.19%,42300
08/29/2006,54.6,54.7,53.7,54.45,0.05,+0.09%,42280
08/28/2006,54,54.75,53.7,54.4,0.45,+0.83%,16340
08/25/2006,53.7,54.4,53.65,53.95,-0.05,-0.09%,22260
08/24/2006,54.25,54.25,53.6,54,-0.2,-0.37%,19440
08/23/2006,54.5,54.6,53.8,54.2,-0.25,-0.46%,39900
08/22/2006,54.05,54.6,54.05,54.45,0.2,+0.37%,21060
08/21/2006,54.4,54.75,54.15,54.25,-0.85,-1.54%,26460
08/18/2006,55.45,55.45,54.55,55.1,-0.15,-0.27%,24820
08/17/2006,54.7,55.4,54.7,55.25,0.2,+0.36%,19060
08/16/2006,55,55.25,54.55,55.05,0.2,+0.36%,24240
08/15/2006,54.6,54.9,54.3,54.85,1,+1.86%,25120
08/14/2006,53.75,54.7,53.7,53.85,0.35,+0.65%,21440
08/11/2006,53.55,53.85,53,53.5,-0.25,-0.47%,21660
08/10/2006,53.05,54.2,52.8,53.75,0.55,+1.03%,30900
08/09/2006,54.25,54.55,53.15,53.2,-0.6,-1.12%,43400
08/08/2006,54.75,55.4,53.75,53.8,-0.65,-1.19%,45200
08/07/2006,54.5,54.6,54,54.45,-0.4,-0.73%,22300
08/04/2006,55.5,56.25,54.05,54.85,-0.35,-0.63%,32200
08/03/2006,53.8,55.25,53.75,55.2,1,+1.85%,28520
08/02/2006,54.5,54.95,53.75,54.2,0.05,+0.09%,27380
08/01/2006,54.7,55,54,54.15,-0.9,-1.63%,30400
07/31/2006,55.35,55.75,54.3,55.05,-0.5,-0.90%,30660
07/28/2006,54.5,55.7,54.4,55.55,1.5,+2.78%,29540
07/27/2006,55.3,55.5,54,54.05,-0.85,-1.55%,29540
07/26/2006,55.1,55.65,54.5,54.9,-0.5,-0.90%,26240
07/25/2006,54.75,55.75,53.95,55.4,0.55,+1.00%,36040
07/24/2006,53.05,54.9,53.05,54.85,1.95,+3.69%,32800
07/21/2006,53.3,53.55,52.6,52.9,-0.75,-1.40%,43340
07/20/2006,55,55.25,53.6,53.65,-1.4,-2.54%,29200
07/19/2006,53.15,55.1,53.15,55.05,1.6,+2.99%,50140
07/18/2006,52.65,53.6,52.1,53.45,1.35,+2.59%,33100
07/17/2006,52.4,52.85,52.05,52.1,-0.15,-0.29%,26880
07/14/2006,52.5,52.8,52,52.25,-0.25,-0.48%,40940
07/13/2006,52.8,53.2,52.45,52.5,-0.5,-0.94%,40160
07/12/2006,54.1,54.35,52.9,53,-1.3,-2.39%,32960
07/11/2006,53.55,54.5,52.65,54.3,0.35,+0.65%,41980
07/10/2006,53.85,54.6,53.65,53.95,0.05,+0.09%,24320
07/07/2006,54.6,54.9,53.7,53.9,-0.95,-1.73%,28720
07/06/2006,54.6,55.4,54.3,54.85,0.45,+0.83%,38100
07/05/2006,54.8,55.45,54.25,54.4,-0.9,-1.63%,42520
07/03/2006,55.35,55.45,54.8,55.3,0.2,+0.36%,22880
06/30/2006,55.3,55.3,54.15,55.1,0.2,+0.36%,60580
06/29/2006,53.45,54.9,53.05,54.9,1.85,+3.49%,48940
06/28/2006,53.3,53.35,52.75,53.05,0.05,+0.09%,29740
06/27/2006,54.1,54.15,52.75,53,-0.95,-1.76%,34940
06/26/2006,53.05,53.95,53,53.95,1.25,+2.37%,28560
06/23/2006,53.1,53.2,52.5,52.7,-0.65,-1.22%,41360
06/22/2006,53.4,54.05,52.75,53.35,-0.3,-0.56%,48800
06/21/2006,52.95,54.15,52.6,53.65,0.7,+1.32%,43440
06/20/2006,52.9,54.1,52.7,52.95,0.15,+0.28%,46060
06/19/2006,54.45,54.45,52.7,52.8,-1.5,-2.76%,50180
06/16/2006,55.1,55.4,54,54.3,-1.05,-1.90%,203820
06/15/2006,54.45,55.45,54.2,55.35,1.3,+2.41%,34320
06/14/2006,54.35,54.5,53.2,54.05,-0.1,-0.18%,56400
06/13/2006,54.25,55.7,53.75,54.15,-0.2,-0.37%,36700
06/12/2006,55,55.3,54.3,54.35,-0.7,-1.27%,41140
06/09/2006,55.85,56.05,54.9,55.05,-0.75,-1.34%,63520
06/08/2006,54.5,56.3,53.95,55.8,0.95,+1.73%,54660
06/07/2006,54.45,55.5,54.25,54.85,0.4,+0.73%,42280
06/06/2006,54.1,54.65,53.4,54.45,0.6,+1.11%,51920
06/05/2006,55.45,55.85,53.7,53.85,-1.75,-3.15%,56520
06/02/2006,55.6,56.05,54.95,55.6,0.15,+0.27%,32460
06/01/2006,55,55.55,54.5,55.45,0.5,+0.91%,44040
05/31/2006,54.45,55.15,53.8,54.95,0.6,+1.10%,58040
05/30/2006,55.75,55.85,54.3,54.35,-1.4,-2.51%,44780
05/26/2006,56.65,56.9,55.6,55.75,-0.8,-1.41%,26020
05/25/2006,56.6,56.75,55.85,56.55,0.45,+0.80%,37080
05/24/2006,54.1,56.7,53.8,56.1,1.7,+3.13%,68160
05/23/2006,56.55,56.65,54.25,54.4,-1.9,-3.37%,55760
05/22/2006,55.05,57.25,55,56.3,1.1,+1.99%,92860
05/19/2006,54.65,55.75,54.25,55.2,0.5,+0.91%,42600
05/18/2006,55.45,55.65,54.65,54.7,-0.3,-0.55%,30720
05/17/2006,55,55.65,54.65,55,-0.25,-0.45%,45460
05/16/2006,55.4,55.9,55.1,55.25,0.1,+0.18%,32140
05/15/2006,54.8,55.55,54.6,55.15,0.2,+0.36%,63320
05/12/2006,55.25,56.3,54.85,54.95,-0.4,-0.72%,51460
05/11/2006,57.1,57.1,55.35,55.35,-1.6,-2.81%,55620
05/10/2006,57.4,57.6,56.7,56.95,-0.7,-1.21%,31140
05/09/2006,57.5,57.9,57.4,57.65,0,0.00%,30820
05/08/2006,57.85,58,57.45,57.65,-0.45,-0.77%,23880
05/05/2006,58.3,58.75,57.85,58.1,0.15,+0.26%,28300
05/04/2006,57.9,57.95,57.65,57.95,0.25,+0.43%,17140
05/03/2006,57.55,58.1,57.25,57.7,0.05,+0.09%,29460
05/02/2006,57.2,57.75,57,57.65,0.45,+0.79%,30880
05/01/2006,58.15,58.3,57,57.2,-0.65,-1.12%,39840
04/28/2006,56.95,58.25,56.85,57.85,0.55,+0.96%,38780
04/27/2006,57.45,58.75,56.85,57.3,-0.2,-0.35%,43000
04/26/2006,57.35,58.15,56.85,57.5,0.45,+0.79%,46320
04/25/2006,56.7,57.1,56.5,57.05,0.35,+0.62%,50640
04/24/2006,57.4,57.55,56.55,56.7,-0.8,-1.39%,53220
04/21/2006,57.8,58.6,57,57.5,-0.35,-0.61%,60660
04/20/2006,59,59,57.6,57.85,-1.6,-2.69%,41300
04/19/2006,59.95,60.35,58.75,59.45,-0.85,-1.41%,49380
04/18/2006,58.8,60.35,58.55,60.3,1.55,+2.64%,35480
04/17/2006,58.5,58.85,57.7,58.75,0.4,+0.69%,34440
04/13/2006,57.8,59.05,57.5,58.35,0.55,+0.95%,27200
04/12/2006,58.25,58.4,57.3,57.8,-0.4,-0.69%,36700
04/11/2006,58.8,59.2,57.75,58.2,-0.1,-0.17%,29600
04/10/2006,58.5,58.8,58,58.3,-0.1,-0.17%,28740
04/07/2006,60.15,60.45,58.3,58.4,-1.6,-2.67%,41960
04/06/2006,59.85,60.15,59.5,60,0,0.00%,47020
04/05/2006,60.4,60.6,59.6,60,-0.3,-0.50%,52080
04/04/2006,60.4,61.05,60.2,60.3,-0.2,-0.33%,34700
04/03/2006,61.5,61.5,60.1,60.5,-0.35,-0.58%,67980
03/31/2006,60.1,61,60.05,60.85,0.2,+0.33%,44260
03/30/2006,61.1,61.1,60,60.65,-0.5,-0.82%,34280
03/29/2006,60.35,61.15,60,61.15,0.9,+1.49%,34840
03/28/2006,60.55,60.75,60,60.25,-0.5,-0.82%,25160
03/27/2006,60.9,60.95,60.25,60.75,-0.2,-0.33%,27740
03/24/2006,60.6,60.95,60.25,60.95,0.3,+0.49%,22380
03/23/2006,60.75,61.05,60.3,60.65,-0.35,-0.57%,22560
03/22/2006,60.5,61.15,60.15,61,0.2,+0.33%,32000
03/21/2006,61,61.55,60.15,60.8,-0.45,-0.73%,62900
03/20/2006,61.3,61.7,60.75,61.25,-0.35,-0.57%,27200
03/17/2006,61.3,61.7,60.5,61.6,0.6,+0.98%,122480
03/16/2006,61.25,61.75,60.7,61,-0.05,-0.08%,29840
03/15/2006,61.2,61.2,60.2,61.05,0.15,+0.25%,21740
03/14/2006,60.35,61.05,59.85,60.9,0.05,+0.08%,41340
03/13/2006,60.9,61.5,60.25,60.85,0,0.00%,31280
03/10/2006,59.85,60.95,59.4,60.85,0.8,+1.33%,25480
03/09/2006,60.65,61,59.9,60.05,-0.6,-0.99%,20260
03/08/2006,60.5,61.1,60.15,60.65,-0.15,-0.25%,22360
03/07/2006,61.5,61.5,60.2,60.8,-0.2,-0.33%,29960
03/06/2006,62.45,62.45,60.65,61,-0.65,-1.05%,46560
03/03/2006,62.45,62.9,61.5,61.65,-1.15,-1.83%,55460
03/02/2006,63.15,63.15,62.1,62.8,-0.2,-0.32%,45700
03/01/2006,62.8,63,62.15,63,0.15,+0.24%,31300
02/28/2006,63.15,63.75,62.8,62.85,-0.5,-0.79%,34660
02/27/2006,64,64.3,63.1,63.35,-0.1,-0.16%,30600
02/24/2006,63.05,63.65,62.8,63.45,0.2,+0.32%,23020
02/23/2006,63.15,64.05,62.7,63.25,-0.2,-0.32%,34060
02/22/2006,62.9,63.6,62.75,63.45,0.8,+1.28%,33220
02/21/2006,63.75,63.75,61.9,62.65,-0.8,-1.26%,32240
02/17/2006,63.8,64.35,62.75,63.45,-0.5,-0.78%,35620
02/16/2006,63.3,64,63.1,63.95,0.8,+1.27%,34500
02/15/2006,63,63.35,62.25,63.15,0.45,+0.72%,31540
02/14/2006,61.15,63.05,61.1,62.7,1.55,+2.53%,40500
02/13/2006,61.4,61.85,61.05,61.15,-0.45,-0.73%,29040
02/10/2006,61.4,62,61.05,61.6,0.15,+0.24%,22800
02/09/2006,61.4,62.6,61.35,61.45,-0.1,-0.16%,30660
02/08/2006,61.35,62.05,61.25,61.55,0.05,+0.08%,33320
02/07/2006,61.85,62.7,61,61.5,-0.65,-1.05%,59660
02/06/2006,61.55,62.2,60.95,62.15,0.6,+0.97%,21040
02/03/2006,61.5,62.15,61.25,61.55,-0.35,-0.57%,21000
02/02/2006,62.65,63,61.75,61.9,-1.15,-1.82%,44600
02/01/2006,62.75,63.4,62.65,63.05,-0.35,-0.55%,50060
01/31/2006,62.8,63.45,61.95,63.4,0.6,+0.96%,62340
01/30/2006,63.5,63.5,62.5,62.8,-0.4,-0.63%,34380
01/27/2006,63.75,64,62.85,63.2,-0.5,-0.78%,35260
01/26/2006,63.55,63.85,62.9,63.7,0.8,+1.27%,49940
01/25/2006,63.8,64,62.45,62.9,-0.55,-0.87%,70540
01/24/2006,63.3,63.6,62.55,63.45,0.75,+1.20%,26480
01/23/2006,62.75,62.95,62.05,62.7,0.4,+0.64%,32040
01/20/2006,64.5,64.5,62,62.3,-1.75,-2.73%,38680
01/19/2006,63.25,64.5,62.95,64.05,0.8,+1.26%,40740
01/18/2006,62.3,63.25,62.1,63.25,0.35,+0.56%,27620
01/17/2006,63.5,63.55,62.3,62.9,-1.25,-1.95%,44900
01/13/2006,63.55,64.3,63.55,64.15,0.9,+1.42%,20820
01/12/2006,64.25,64.5,62.95,63.25,-1.25,-1.94%,41480
01/11/2006,64.5,65,64,64.5,-0.2,-0.31%,46700
01/10/2006,63.3,64.7,63.05,64.7,0.9,+1.41%,32180
01/09/2006,62.4,64,62.4,63.8,0.65,+1.03%,31800
01/06/2006,62.85,63.2,62.05,63.15,0.6,+0.96%,48740
01/05/2006,63.1,63.6,62.5,62.55,-0.85,-1.34%,33500
01/04/2006,63.25,64.15,63.1,63.4,-0.3,-0.47%,29720
01/03/2006,63.2,63.7,61.65,63.7,1.6,+2.58%,61300
12/30/2005,62.95,62.95,62.05,62.1,-0.75,-1.19%,34700
12/29/2005,63.85,63.9,62.85,62.85,-0.55,-0.87%,22340
12/28/2005,62.9,64.05,62.9,63.4,0.4,+0.63%,33740
12/27/2005,64.65,64.7,63,63,-1.25,-1.95%,28240
12/23/2005,64.25,64.7,63.9,64.25,0.1,+0.16%,24960
12/22/2005,64.45,64.95,63.6,64.15,-0.45,-0.70%,40560
12/21/2005,63.45,64.7,63.45,64.6,0.85,+1.33%,77460
12/20/2005,63.45,64.95,63,63.75,-0.05,-0.08%,40160
12/19/2005,66.25,67,63.55,63.8,-3.55,-5.27%,102740
12/16/2005,62.8,67.35,62,67.35,4.75,+7.59%,315620
12/15/2005,62.9,63.5,61.85,62.6,-0.45,-0.71%,46720
12/14/2005,62.75,63.65,62.75,63.05,0.05,+0.08%,42980
12/13/2005,63.2,63.65,62.75,63,-0.15,-0.24%,32340
12/12/2005,63.8,64.05,62.75,63.15,-0.8,-1.25%,48880
12/09/2005,63.1,64,62.5,63.95,1.1,+1.75%,30020
12/08/2005,63.25,64.1,62.35,62.85,-0.65,-1.02%,50380
12/07/2005,64.85,64.95,63.05,63.5,-1.2,-1.85%,36740
12/06/2005,65.35,65.65,64.2,64.7,-0.05,-0.08%,27540
12/05/2005,65.4,65.7,64.35,64.75,-1.1,-1.67%,49520
12/02/2005,66.15,66.15,64.6,65.85,-0.05,-0.08%,35460
12/01/2005,65,66.1,64.75,65.9,1,+1.54%,71500
11/30/2005,63.8,64.95,63.75,64.9,0.65,+1.01%,45500
11/29/2005,65,65,63.8,64.25,0.05,+0.08%,25980
11/28/2005,64.7,65.25,64.15,64.2,-0.95,-1.46%,28260
11/25/2005,65.25,65.25,64.45,65.15,0.5,+0.77%,11100
11/23/2005,64.45,65.2,64.05,64.65,0.15,+0.23%,23080
11/22/2005,65.3,65.4,64,64.5,-1,-1.53%,27600
11/21/2005,64.6,65.55,63.9,65.5,0.6,+0.92%,24680
11/18/2005,65.15,65.25,64.05,64.9,0.45,+0.70%,16920
11/17/2005,63.2,64.45,62.85,64.45,1.55,+2.46%,14880
11/16/2005,63.55,63.75,62.25,62.9,-0.7,-1.10%,25200
11/15/2005,64.75,64.95,63.4,63.6,-1.3,-2.00%,25340
11/14/2005,66.25,66.25,64.3,64.9,-1.3,-1.96%,21280
11/11/2005,65.65,66.3,65,66.2,0.2,+0.30%,30280
11/10/2005,65.5,66.25,64.1,66,0.85,+1.30%,42500
11/09/2005,64.95,65.7,64.45,65.15,0.3,+0.46%,19140
11/08/2005,64.35,64.95,63.8,64.85,-0.15,-0.23%,20880
11/07/2005,65.1,65.5,64.15,65,-0.1,-0.15%,32560
11/04/2005,64.25,65.35,63.8,65.1,0.85,+1.32%,22260
11/03/2005,65.75,65.75,64.15,64.25,-1.1,-1.68%,34900
11/02/2005,63.35,65.35,62.8,65.35,1.95,+3.08%,31700
11/01/2005,64.5,64.7,63.05,63.4,-1.1,-1.71%,37300
10/31/2005,63.95,65,63.75,64.5,0.75,+1.18%,32940
10/28/2005,62,63.75,61.15,63.75,2.45,+4.00%,33720
10/27/2005,61.95,62.45,61.25,61.3,-0.95,-1.53%,22160
10/26/2005,62.8,63.95,61.8,62.25,-0.25,-0.40%,32720
10/25/2005,63.3,63.55,61.25,62.5,-1.35,-2.11%,43840
10/24/2005,61.15,63.9,60.9,63.85,2.95,+4.84%,82780
10/21/2005,60.1,62.25,60,60.9,0.5,+0.83%,36480
10/20/2005,61.35,61.8,60.05,60.4,-1.1,-1.79%,22660
10/19/2005,59,61.55,58.8,61.5,2.3,+3.89%,56280
10/18/2005,59.95,60.55,59.15,59.2,-0.95,-1.58%,27480
10/17/2005,60.5,60.7,58.5,60.15,-0.3,-0.50%,30500
10/14/2005,59.65,60.75,58.25,60.45,1.4,+2.37%,27740
10/13/2005,57.35,59.65,57.15,59.05,1.4,+2.43%,44740
10/12/2005,58,59.05,57,57.65,-0.85,-1.45%,49120
10/11/2005,60.2,60.2,58.45,58.5,-1.1,-1.85%,43480
10/10/2005,60.75,60.75,59.3,59.6,-0.8,-1.32%,17440
10/07/2005,59.45,60.5,59.45,60.4,0.85,+1.43%,22260
10/06/2005,60.15,60.8,58.65,59.55,-0.15,-0.25%,37400
10/05/2005,61.5,61.8,59.7,59.7,-2.1,-3.40%,50360
10/04/2005,62.15,63,61.8,61.8,-0.45,-0.72%,33280
10/03/2005,63.3,63.3,61.8,62.25,-0.4,-0.64%,33580
09/30/2005,62.7,62.9,62.05,62.65,-0.1,-0.16%,23980
09/29/2005,61.4,62.95,61.05,62.75,1.1,+1.78%,44520
09/28/2005,62.55,62.8,60.75,61.65,-0.35,-0.56%,33620
09/27/2005,62.2,62.7,61.4,62,-0.3,-0.48%,24000
09/26/2005,62.05,63,61.6,62.3,-0.35,-0.56%,45980
09/23/2005,62.65,62.9,61.6,62.65,-0.25,-0.40%,31280
09/22/2005,63,63.65,62.3,62.9,-0.2,-0.32%,26480
09/21/2005,63.6,63.9,63,63.1,-0.7,-1.10%,47800
09/20/2005,64.15,65.35,63.55,63.8,-0.2,-0.31%,58580
09/19/2005,64.55,64.8,63.5,64,-0.95,-1.46%,25380
09/16/2005,63.5,65.05,63.5,64.95,1.15,+1.80%,99240
09/15/2005,64.2,64.3,63.1,63.8,0.05,+0.08%,17620
09/14/2005,65.05,65.05,63.65,63.75,-0.7,-1.09%,19900
09/13/2005,65.25,65.75,64.45,64.45,-1.75,-2.64%,27520
09/12/2005,65.9,66.6,64.95,66.2,-0.05,-0.08%,20880
09/09/2005,66,66.25,65.55,66.25,0.5,+0.76%,21620
09/08/2005,66.05,66.65,65.05,65.75,-0.75,-1.13%,36060
09/07/2005,66.1,66.5,65.7,66.5,-0.25,-0.37%,29960
09/06/2005,66,66.75,65.75,66.75,1.25,+1.91%,47760
09/02/2005,66.5,66.55,65.5,65.5,-1.1,-1.65%,17220
09/01/2005,66.35,66.7,65.75,66.6,0.1,+0.15%,41820
08/31/2005,65.1,66.7,64.5,66.5,1.9,+2.94%,61880
08/30/2005,64.75,65,64.1,64.6,-0.3,-0.46%,23340
08/29/2005,63.9,64.9,62.9,64.9,1.4,+2.20%,22420
08/26/2005,64.55,64.75,63.5,63.5,-1.1,-1.70%,33420
08/25/2005,63.75,64.85,63.7,64.6,0.85,+1.33%,25200
08/24/2005,63.9,65.6,63.75,63.75,-0.6,-0.93%,35760
08/23/2005,65.4,65.4,64.05,64.35,-0.65,-1.00%,27220
08/22/2005,66.05,66.05,64.9,65,-0.4,-0.61%,31860
08/19/2005,63.95,65.85,63.95,65.4,1.3,+2.03%,26080
08/18/2005,64.25,64.95,64,64.1,-0.8,-1.23%,27620
08/17/2005,64.35,65.7,64,64.9,0.6,+0.93%,30360
08/16/2005,65.5,66.1,64.25,64.3,-1.75,-2.65%,33260
08/15/2005,64.9,66.25,64.25,66.05,0.75,+1.15%,21980
08/12/2005,66.05,66.15,64.3,65.3,-1,-1.51%,32700
08/11/2005,64.9,66.65,64.8,66.3,1.75,+2.71%,72460
08/10/2005,63.65,66.2,63.65,64.55,0.65,+1.02%,35540
08/09/2005,64.15,65.15,63.65,63.9,-0.45,-0.70%,16480
08/08/2005,66,66,64.25,64.35,-1,-1.53%,21340
08/05/2005,65.5,65.85,64.7,65.35,0.35,+0.54%,39120
08/04/2005,66.6,66.75,64.85,65,-1.65,-2.48%,34800
08/03/2005,67.45,67.5,66.6,66.65,-0.85,-1.26%,36000
08/02/2005,66.65,68,66.2,67.5,0.95,+1.43%,58920
08/01/2005,66.5,66.9,66.1,66.55,-0.1,-0.15%,30360
07/29/2005,66.55,67.15,66.3,66.65,-0.45,-0.67%,31840
07/28/2005,67.5,67.5,66.6,67.1,-0.05,-0.07%,29160
07/27/2005,66.9,67.5,66.75,67.15,0.35,+0.52%,61000
07/26/2005,65.85,67.4,65.55,66.8,1.05,+1.60%,26240
07/25/2005,66.9,67.05,65.55,65.75,-1.15,-1.72%,22200
07/22/2005,65.45,67,65,66.9,1.95,+3.00%,42000
07/21/2005,67.25,67.45,64.85,64.95,-2.25,-3.35%,34920
07/20/2005,65.3,67.35,64.95,67.2,1.45,+2.21%,27820
07/19/2005,64.85,65.75,64.4,65.75,1.2,+1.86%,15860
07/18/2005,65.4,65.9,64.35,64.55,-1.4,-2.12%,21020
07/15/2005,65.75,66.9,65.45,65.95,-0.3,-0.45%,30540
07/14/2005,67.5,67.5,66.1,66.25,-0.8,-1.19%,24600
07/13/2005,67.25,67.5,66.75,67.05,-0.15,-0.22%,16760
07/12/2005,67.2,67.55,64.35,67.2,-0.3,-0.44%,46680
07/11/2005,67.25,68.3,66.9,67.5,0.25,+0.37%,62160
07/08/2005,66,67.75,65.5,67.25,1.35,+2.05%,41700
07/07/2005,64.9,66.05,64.3,65.9,0.4,+0.61%,31300
07/06/2005,66.5,67,65.5,65.5,-1.5,-2.24%,23060
07/05/2005,65.6,67,65.05,67,1.35,+2.06%,53520
07/01/2005,66.25,66.25,64.9,65.65,0.35,+0.54%,27480
06/30/2005,66.1,66.25,65.25,65.3,-0.3,-0.46%,31020
06/29/2005,65.55,66,65.05,65.6,0.05,+0.08%,24240
06/28/2005,64.95,65.75,64.15,65.55,1.15,+1.79%,42400
06/27/2005,64,64.7,63.8,64.4,0,0.00%,23020
06/24/2005,65.05,65.05,63.55,64.4,-0.35,-0.54%,63400
06/23/2005,64.95,65.4,64.75,64.75,-0.15,-0.23%,29500
06/22/2005,65.05,65.2,64.65,64.9,-0.1,-0.15%,28680
06/21/2005,65.1,65.25,64.6,65,0.2,+0.31%,26300
06/20/2005,64.4,65.35,64.4,64.8,-0.15,-0.23%,22340
06/17/2005,66,66.25,64.7,64.95,-0.75,-1.14%,106260
06/16/2005,63.55,65.75,63.55,65.7,1.4,+2.18%,35740
06/15/2005,64.5,64.75,63.25,64.3,0,0.00%,46380
06/14/2005,63.35,64.5,63.35,64.3,0.8,+1.26%,29100
06/13/2005,63.1,63.95,63.1,63.5,-0.05,-0.08%,26280
06/10/2005,63.1,63.65,62.8,63.55,0.55,+0.87%,25340
06/09/2005,63.05,63.4,61.9,63,0.05,+0.08%,43340
06/08/2005,62.8,63.6,62.55,62.95,0.2,+0.32%,26240
06/07/2005,62.2,63.75,61.9,62.75,0.35,+0.56%,68120
06/06/2005,62.75,63.2,61.75,62.4,-0.45,-0.72%,30600
06/03/2005,63.3,63.55,61.75,62.85,0.05,+0.08%,35780
06/02/2005,61.95,63.7,61.65,62.8,0.15,+0.24%,39380
06/01/2005,62.05,63.15,61.5,62.65,0.4,+0.64%,59860
05/31/2005,61.9,62.4,61.35,62.25,0.55,+0.89%,44500
05/27/2005,61.25,61.8,60.65,61.7,0.45,+0.73%,33640
05/26/2005,60.3,61.25,60.3,61.25,1.2,+2.00%,27500
05/25/2005,61.5,61.5,60,60.05,-0.7,-1.15%,34300
05/24/2005,60,61.15,60,60.75,0.15,+0.25%,21840
05/23/2005,61.25,61.25,60.2,60.6,-0.4,-0.66%,25880
05/20/2005,61,61,59.95,61,0.05,+0.08%,20840
05/19/2005,61.05,61.05,59.9,60.95,0.6,+0.99%,32200
05/18/2005,61.05,61.65,60.1,60.35,0,0.00%,78280
05/17/2005,59.5,60.35,58.6,60.35,0.35,+0.58%,52840
05/16/2005,57.8,60,57.7,60,2.05,+3.54%,43280
05/13/2005,57.65,58.7,57.5,57.95,-0.05,-0.09%,36360
05/12/2005,59.15,59.15,57.2,58,-0.85,-1.44%,47720
05/11/2005,57.5,58.9,57.25,58.85,1.75,+3.06%,50200
05/10/2005,57.7,58.5,56.65,57.1,-0.9,-1.55%,53720
05/09/2005,57.15,58,56.5,58,1.15,+2.02%,32140
05/06/2005,57.9,57.95,56.55,56.85,-0.95,-1.64%,20920
05/05/2005,58,58,56.5,57.8,0.1,+0.17%,43960
05/04/2005,55.7,57.9,55.45,57.7,2.65,+4.81%,65240
05/03/2005,55.75,56,55,55.05,-0.55,-0.99%,33480
05/02/2005,55.35,55.65,54.7,55.6,0.55,+1.00%,45420
04/29/2005,54.95,55.05,53.8,55.05,0.95,+1.76%,41120
04/28/2005,55.8,55.8,54.1,54.1,-1.1,-1.99%,35760
04/27/2005,54.55,56.1,53.95,55.2,0.8,+1.47%,59220
04/26/2005,55.6,55.65,54.15,54.4,-1.1,-1.98%,40460
04/25/2005,53.8,55.5,53.8,55.5,1.3,+2.40%,52280
04/22/2005,55.35,55.35,53.65,54.2,-1,-1.81%,44660
04/21/2005,55.25,55.6,54.3,55.2,0.2,+0.36%,80820
04/20/2005,56.3,56.45,54.95,55,-1.3,-2.31%,74480
04/19/2005,55.7,56.75,55.55,56.3,0.2,+0.36%,24220
04/18/2005,55.7,56.2,55,56.1,1.1,+2.00%,50200
04/15/2005,55.85,56.75,54.95,55,0,0.00%,50580
04/14/2005,56.45,57.15,55,55,-1.45,-2.57%,41320
04/13/2005,58.3,58.3,56.05,56.45,-1.35,-2.34%,37920
04/12/2005,56.05,58.05,55.7,57.8,1.55,+2.76%,46140
04/11/2005,56.9,57.2,55.85,56.25,-0.1,-0.18%,28780
04/08/2005,57.3,58.05,56.25,56.35,-1.65,-2.84%,29800
04/07/2005,57.95,58.35,56.7,58,0.6,+1.05%,30540
04/06/2005,57.15,58.05,56.9,57.4,0.8,+1.41%,51100
04/05/2005,57,57.5,56.45,56.6,-0.25,-0.44%,48480
04/04/2005,55.5,57.5,55.5,56.85,1.1,+1.97%,39020
04/01/2005,58.7,58.7,55,55.75,-1.7,-2.96%,51600
03/31/2005,58.5,58.5,56.6,57.45,-0.9,-1.54%,46060
03/30/2005,57,58.35,56.5,58.35,1.9,+3.37%,36700
03/29/2005,57.4,58.1,56,56.45,-0.95,-1.66%,34840
03/28/2005,57.15,57.55,56.1,57.4,1.25,+2.23%,39280
03/24/2005,57.35,57.45,56.15,56.15,-0.35,-0.62%,29640
03/23/2005,57.4,57.4,56.35,56.5,-0.95,-1.65%,45220
03/22/2005,58.5,58.65,57.25,57.45,-1,-1.71%,30700
03/21/2005,58.6,58.9,57.7,58.45,-0.55,-0.93%,27860
03/18/2005,57.85,59.65,57.85,59,0.3,+0.51%,105860
03/17/2005,59.1,59.35,58.25,58.7,-0.05,-0.09%,32820
03/16/2005,59.05,59.6,58.65,58.75,-0.05,-0.09%,35400
03/15/2005,60,60.1,58.7,58.8,-0.85,-1.42%,34140
03/14/2005,59.15,60.15,58.95,59.65,-0.05,-0.08%,68400
03/11/2005,58.85,60.1,58.85,59.7,0.85,+1.44%,61720
03/10/2005,60,60.2,58.8,58.85,-0.4,-0.68%,62940
03/09/2005,61.45,61.45,59.25,59.25,-0.6,-1.00%,53660
03/08/2005,60.05,60.55,59.8,59.85,0,0.00%,52440
03/07/2005,60.65,60.75,59.85,59.85,0,0.00%,64520
03/04/2005,60.5,60.8,59.85,59.85,-0.15,-0.25%,64300
03/03/2005,60.25,60.5,59.55,60,0.4,+0.67%,52040
03/02/2005,59.9,60.6,59.3,59.6,-0.65,-1.08%,48640
03/01/2005,60.7,60.75,60,60.25,0.2,+0.33%,54360
02/28/2005,60.75,60.75,59.75,60.05,-0.45,-0.74%,38780
02/25/2005,61.2,61.2,60.25,60.5,-0.45,-0.74%,50840
02/24/2005,61.25,61.25,59.95,60.95,0.8,+1.33%,41000
02/23/2005,60.7,61.05,59.85,60.15,0.35,+0.59%,51200
02/22/2005,59.95,60.85,59.75,59.8,-0.55,-0.91%,60560
02/18/2005,60.8,60.8,59.75,60.35,0,0.00%,57980
02/17/2005,61.85,61.85,60.15,60.35,-1.05,-1.71%,47640
02/16/2005,60.75,62,60.75,61.4,-0.1,-0.16%,35580
02/15/2005,62.05,62.45,60.6,61.5,-0.25,-0.40%,54400
02/14/2005,61.9,62.4,61.25,61.75,-0.5,-0.80%,29560
02/11/2005,61.6,62.45,60.1,62.25,1.25,+2.05%,27940
02/10/2005,61.65,61.8,59.8,61,0.25,+0.41%,32140
02/09/2005,62.15,62.95,60.15,60.75,-2,-3.19%,42200
02/08/2005,61.55,62.95,61.55,62.75,0.6,+0.97%,45820
02/07/2005,61.75,62.6,61.75,62.15,0.15,+0.24%,43200
02/04/2005,61.85,62.5,61.6,62,-0.25,-0.40%,44380
02/03/2005,62.5,62.9,61.35,62.25,-0.05,-0.08%,24400
02/02/2005,61.85,62.55,61.1,62.3,-0.2,-0.32%,28080
02/01/2005,62.15,62.75,61.8,62.5,0.05,+0.08%,36400
01/31/2005,61.5,62.75,61.4,62.45,1.7,+2.80%,56100
01/28/2005,61.55,62,60.5,60.75,-0.5,-0.82%,52680
01/27/2005,61.75,62,60.5,61.25,-0.5,-0.81%,39480
01/26/2005,60.25,61.8,59.3,61.75,2.15,+3.61%,81500
01/25/2005,60.35,60.95,58.75,59.6,-0.7,-1.16%,124540
01/24/2005,61.55,61.55,59.35,60.3,-0.45,-0.74%,90100
01/21/2005,61.8,61.95,60.05,60.75,-0.2,-0.33%,41780
01/20/2005,62.1,62.25,60.6,60.95,-1.25,-2.01%,102300
01/19/2005,63.5,64.15,61.05,62.2,-1.25,-1.97%,67280
01/18/2005,63,64.65,62.9,63.45,0.45,+0.71%,37340
01/14/2005,63.95,63.95,62.9,63,0.1,+0.16%,36800
01/13/2005,64.45,64.45,62.5,62.9,-1,-1.56%,35740
01/12/2005,64.05,64.25,63.05,63.9,0.15,+0.24%,35040
01/11/2005,64.5,64.55,63.15,63.75,-1,-1.54%,33400
01/10/2005,64.15,65.15,63.8,64.75,0.85,+1.33%,43000
01/07/2005,65.7,66.95,63.25,63.9,-1.6,-2.44%,58740
01/06/2005,66.8,66.85,65.45,65.5,-0.3,-0.46%,38940
01/05/2005,67.55,68.75,65.8,65.8,-1.75,-2.59%,62060
01/04/2005,69.2,69.35,67.5,67.55,-1,-1.46%,46540
01/03/2005,69.85,69.85,68,68.55,-0.4,-0.58%,44120
12/31/2004,69.35,69.85,68.9,68.95,-0.6,-0.86%,21380
12/30/2004,70.2,70.4,69.3,69.55,0,0.00%,18840
12/29/2004,69.3,70.05,69,69.55,-0.3,-0.43%,21880
12/28/2004,68.5,70,68.3,69.85,1.2,+1.75%,28380
12/27/2004,70,70,68.55,68.65,-0.85,-1.22%,22400
12/23/2004,69,69.95,69,69.5,-0.2,-0.29%,16440
12/22/2004,68.55,69.7,68.55,69.7,0.1,+0.14%,22720
12/21/2004,68.05,69.6,68,69.6,1.4,+2.05%,26220
12/20/2004,68.95,69.4,67.9,68.2,-0.2,-0.29%,23560
12/17/2004,69.3,69.45,68.3,68.4,-0.2,-0.29%,33900
12/16/2004,68.85,70,68.5,68.6,-1.35,-1.93%,23660
12/15/2004,69.25,69.95,69,69.95,0.4,+0.58%,30100
12/14/2004,68.05,69.55,68.05,69.55,0.55,+0.80%,31260
12/13/2004,68.2,69.05,67.8,69,1.25,+1.85%,41320
12/10/2004,67,68.2,67,67.75,0,0.00%,35480
12/09/2004,66.65,67.8,66.55,67.75,0.15,+0.22%,34220
12/08/2004,66.7,67.85,65.9,67.6,0.85,+1.27%,30920
12/07/2004,68.5,68.95,66.4,66.75,-1.75,-2.55%,39520
12/06/2004,69.6,69.7,68.5,68.5,-0.1,-0.15%,34800
12/03/2004,69.7,70,68.6,68.6,-1.9,-2.70%,68020
12/02/2004,69.75,70.75,69.75,70.5,-0.4,-0.56%,58680
12/01/2004,70,70.95,69.8,70.9,0.4,+0.57%,71600
11/30/2004,70.85,70.85,69.5,70.5,0.3,+0.43%,25960
11/29/2004,70.7,70.7,68.95,70.2,0.25,+0.36%,63240
11/26/2004,70.65,70.65,69.85,69.95,-0.05,-0.07%,8000
11/24/2004,68.75,70.45,68.75,70,0.35,+0.50%,45040
11/23/2004,68.6,69.85,68.45,69.65,0.15,+0.22%,29200
11/22/2004,68.2,69.75,67.95,69.5,1.75,+2.58%,40140
11/19/2004,68.6,69.95,67.75,67.75,-1.7,-2.45%,31960
11/18/2004,70,70.05,69,69.45,-0.6,-0.86%,14380
11/17/2004,70.25,70.65,69.2,70.05,0.55,+0.79%,34780
11/16/2004,70.25,70.35,69.15,69.5,-0.7,-1.00%,16780
11/15/2004,69.55,70.4,69.55,70.2,0,0.00%,28020
11/12/2004,69.9,70.7,69.05,70.2,0.2,+0.29%,32060
11/11/2004,69.95,70.05,69.05,70,0.05,+0.07%,36460
11/10/2004,68.55,69.95,68.2,69.95,1.6,+2.34%,112960
11/09/2004,68.55,68.6,68.05,68.35,0,0.00%,20420
11/08/2004,67.65,68.6,67.65,68.35,0.05,+0.07%,18540
11/05/2004,67.8,68.75,67.8,68.3,-0.35,-0.51%,42500
11/04/2004,66.6,68.65,66.6,68.65,1.2,+1.78%,33940
11/03/2004,67.7,67.7,66.65,67.45,0.85,+1.28%,34360
11/02/2004,67.3,67.5,66.25,66.6,-0.45,-0.67%,49020
11/01/2004,66.6,67.25,66,67.05,0.1,+0.15%,54740
10/29/2004,67.9,67.9,66.35,66.95,-0.35,-0.52%,51900
10/28/2004,66.75,67.5,66.45,67.3,-0.15,-0.22%,27720
10/27/2004,66.75,67.45,65.95,67.45,1.05,+1.58%,67760
10/26/2004,66.7,66.7,65,66.4,0.15,+0.23%,60500
10/25/2004,64.2,66.4,64.2,66.25,1.65,+2.55%,64880
10/22/2004,66.25,66.45,64.55,64.6,-1.65,-2.49%,33060
10/21/2004,66.05,66.3,65.3,66.25,0.5,+0.76%,28420
10/20/2004,65.75,65.75,64.5,65.75,1.1,+1.70%,29060
10/19/2004,66.25,66.25,64.65,64.65,-0.1,-0.15%,19920
10/18/2004,66,66.25,64.65,64.75,-0.25,-0.38%,28100
10/15/2004,64.3,65.65,64,65,1,+1.56%,32360
10/14/2004,65.4,65.4,63.9,64,-0.35,-0.54%,21080
10/13/2004,66.2,66.2,64.35,64.35,-1.2,-1.83%,34280
10/12/2004,66.2,66.2,63.75,65.55,-0.35,-0.53%,22480
10/11/2004,63.75,65.9,63.65,65.9,1.75,+2.73%,31580
10/08/2004,64.5,65.45,64.1,64.15,-0.8,-1.23%,28240
10/07/2004,64.8,66.25,64.8,64.95,-1.1,-1.67%,19580
10/06/2004,65.9,66.15,64.9,66.05,0.75,+1.15%,21000
10/05/2004,65.45,66.15,65,65.3,-0.25,-0.38%,15640
10/04/2004,65.5,66.25,65,65.55,0.05,+0.08%,48560
10/01/2004,64.5,65.55,64,65.5,1.4,+2.18%,38720
09/30/2004,65.45,65.45,64,64.1,-1.15,-1.76%,30460
09/29/2004,64.35,65.25,63.45,65.25,1.05,+1.64%,34380
09/28/2004,63.9,64.25,63.1,64.2,1.6,+2.56%,34360
09/27/2004,64.4,64.4,62.6,62.6,-0.75,-1.18%,31620
09/24/2004,64.3,64.35,63.35,63.35,-0.05,-0.08%,10560
09/23/2004,63.25,64,63.25,63.4,0,0.00%,12040
09/22/2004,64.3,65.6,63.3,63.4,-1.85,-2.84%,48320
09/21/2004,65.2,65.5,64.2,65.25,0.7,+1.08%,29520
09/20/2004,66.15,66.15,64.55,64.55,-0.75,-1.15%,16780
09/17/2004,65.1,66.9,64.8,65.3,-0.6,-0.91%,66580
09/16/2004,65.45,65.95,65.1,65.9,0.45,+0.69%,28460
09/15/2004,65.3,65.75,65,65.45,-0.15,-0.23%,38160
09/14/2004,66.2,66.25,65,65.6,-0.45,-0.68%,40280
09/13/2004,65.9,66.05,65,66.05,0.7,+1.07%,22020
09/10/2004,65.45,65.65,64.5,65.35,-0.15,-0.23%,23820
09/09/2004,64.5,65.5,63.75,65.5,1.25,+1.95%,43060
09/08/2004,65,65,64,64.25,-0.5,-0.77%,29260
09/07/2004,64.8,65.1,64.25,64.75,0.25,+0.39%,49180
09/03/2004,64.15,65.3,63.6,64.5,-0.1,-0.15%,39800
09/02/2004,63.8,65,63.8,64.6,0.2,+0.31%,32400
09/01/2004,64.95,67.4,63.75,64.4,-0.6,-0.92%,68100
08/31/2004,64.75,65,63.85,65,0.75,+1.17%,27000
08/30/2004,64.35,65.15,64.2,64.25,-0.2,-0.31%,18860
08/27/2004,64.5,64.9,64.15,64.45,-0.3,-0.46%,18700
08/26/2004,64.95,65,64.4,64.75,-0.25,-0.38%,35040
08/25/2004,64.6,65,63.75,65,0.5,+0.78%,38000
08/24/2004,64.85,65,63.75,64.5,0.7,+1.10%,27020
08/23/2004,64.7,65.25,63.7,63.8,-0.55,-0.85%,36780
08/20/2004,63.25,64.35,63.25,64.35,1.3,+2.06%,51560
08/19/2004,64,64.2,62.65,63.05,-0.65,-1.02%,37880
08/18/2004,61.95,63.75,61.95,63.7,1,+1.59%,43220
08/17/2004,63.55,63.55,62.2,62.7,-0.05,-0.08%,25980
08/16/2004,62.2,62.75,61.85,62.75,1,+1.62%,21600
08/13/2004,62.05,62.05,60.55,61.75,0.9,+1.48%,26880
08/12/2004,62.25,62.25,60.75,60.85,-0.85,-1.38%,18200
08/11/2004,60.8,62,60.65,61.7,-0.05,-0.08%,39640
08/10/2004,61.4,61.9,61.15,61.75,0.7,+1.15%,29580
08/09/2004,60.6,61.8,60.55,61.05,0.2,+0.33%,32220
08/06/2004,61.25,62.2,60.85,60.85,-1.15,-1.85%,34060
08/05/2004,63,63,61.75,62,-0.75,-1.20%,28820
08/04/2004,62.1,63.1,61.65,62.75,0.5,+0.80%,34140
08/03/2004,63.55,63.55,62.2,62.25,-0.9,-1.43%,28060
08/02/2004,62,63.3,62,63.15,-0.05,-0.08%,24980
07/30/2004,63.4,63.7,62.8,63.2,-0.2,-0.32%,23800
07/29/2004,64.15,64.15,63.05,63.4,0.25,+0.40%,30320
07/28/2004,63.45,64,62.7,63.15,-0.95,-1.48%,33420
07/27/2004,62.05,64.1,62.05,64.1,2.15,+3.47%,24660
07/26/2004,62.9,63.1,61.6,61.95,-0.6,-0.96%,29960
07/23/2004,62.5,63.5,62.15,62.55,0,0.00%,27780
07/22/2004,62.15,63.5,61.9,62.55,0.05,+0.08%,28680
07/21/2004,64.95,64.95,62.5,62.5,-2,-3.10%,33940
07/20/2004,64.75,64.75,63.6,64.5,0.95,+1.49%,25700
07/19/2004,63.8,64.3,63.45,63.55,-0.65,-1.01%,21740
07/16/2004,64.6,65.1,63.85,64.2,0.15,+0.23%,24400
07/15/2004,64,64.9,63.85,64.05,0.1,+0.16%,21540
07/14/2004,62.75,65.05,62.3,63.95,-0.05,-0.08%,37900
07/13/2004,63.8,64.9,63.7,64,-0.35,-0.54%,15820
07/12/2004,64.55,65.05,63.65,64.35,0.5,+0.78%,16760
07/09/2004,64.65,64.65,63.75,63.85,0.05,+0.08%,16960
07/08/2004,63.4,65.1,63.1,63.8,-0.75,-1.16%,37100
07/07/2004,63.7,65.1,63.7,64.55,0.8,+1.25%,33080
07/06/2004,65.2,65.2,63.75,63.75,-1.45,-2.22%,20080
07/02/2004,63.25,65.5,63.25,65.2,1.05,+1.64%,27440
07/01/2004,65.75,65.75,64.15,64.15,-1.35,-2.06%,30120
06/30/2004,65.65,66,64.5,65.5,0.35,+0.54%,30800
06/29/2004,64.85,65.55,64.3,65.15,0.45,+0.70%,49460
06/28/2004,64.25,64.95,62.95,64.7,1.5,+2.37%,32440
06/25/2004,63.8,64.65,62.85,63.2,-0.6,-0.94%,127459
06/24/2004,64.85,65,63.75,63.8,-0.9,-1.39%,22900
06/23/2004,63,64.75,63,64.7,0.95,+1.49%,29120
06/22/2004,62.95,63.75,62.3,63.75,0.45,+0.71%,28860
06/21/2004,62.5,63.55,62.05,63.3,0.45,+0.72%,21360
06/18/2004,61.8,63.45,61.55,62.85,-0.65,-1.02%,75080
06/17/2004,64.3,64.3,62.6,63.5,0,0.00%,26680
06/16/2004,63.65,63.7,62.5,63.5,0.6,+0.95%,27140
06/15/2004,63.45,63.85,62.25,62.9,0.4,+0.64%,37440
06/14/2004,63.6,64.5,62.5,62.5,-1.15,-1.81%,47880
06/10/2004,64.35,64.45,63.65,63.65,0,0.00%,46900
06/09/2004,64.2,65,63.65,63.65,-1.1,-1.70%,27440
06/08/2004,65.35,65.5,64,64.75,-0.05,-0.08%,19680
06/07/2004,65.25,65.4,64,64.8,1.35,+2.13%,37600
06/04/2004,63,64.15,62.65,63.45,0.6,+0.95%,19840
06/03/2004,63.5,64.45,62.4,62.85,-1.6,-2.48%,36940
06/02/2004,63.55,64.55,63.5,64.45,0.25,+0.39%,17200
06/01/2004,65.2,65.25,63.8,64.2,-0.2,-0.31%,46120
05/28/2004,65.4,65.45,64.25,64.4,-0.4,-0.62%,25580
05/27/2004,65.45,65.5,63.75,64.8,-0.1,-0.15%,32900
05/26/2004,63.8,65,63.15,64.9,0.9,+1.41%,30540
05/25/2004,61.65,64,61.65,64,1.15,+1.83%,39300
05/24/2004,62.25,62.85,61.6,62.85,0.6,+0.96%,20580
05/21/2004,60.75,62.25,60.6,62.25,1.7,+2.81%,27820
05/20/2004,61.4,61.9,60.4,60.55,-0.3,-0.49%,42700
05/19/2004,62.25,63.2,60.75,60.85,-1.1,-1.78%,39020
05/18/2004,61.3,61.95,60.65,61.95,1.45,+2.40%,17500
05/17/2004,61.4,61.45,60,60.5,-1.45,-2.34%,37400
05/14/2004,62.05,62.55,60.9,61.95,0.2,+0.32%,30860
05/13/2004,62.4,62.95,61.55,61.75,-0.6,-0.96%,30060
05/12/2004,61.35,62.75,59.65,62.35,1.1,+1.80%,39560
05/11/2004,60.85,61.25,59.4,61.25,1.9,+3.20%,32580
05/10/2004,59.25,60.55,59,59.35,-0.6,-1.00%,48880
05/07/2004,62.65,63.75,59.5,59.95,-3.05,-4.84%,74560
05/06/2004,64.4,65,63,63,-1.95,-3.00%,43560
05/05/2004,64.35,65.85,64.2,64.95,0.9,+1.41%,39660
05/04/2004,63.8,65.1,63.05,64.05,0.5,+0.79%,33000
05/03/2004,62.55,64.25,62.55,63.55,0.5,+0.79%,34800
04/30/2004,63.2,64,62.1,63.05,0.15,+0.24%,40580
04/29/2004,63.9,64.4,62.9,62.9,-1.25,-1.95%,39860
04/28/2004,64.15,64.75,63.55,64.15,-0.55,-0.85%,51920
04/27/2004,65.25,65.25,64.1,64.7,0.3,+0.47%,54240
04/26/2004,64.85,64.9,64.05,64.4,-0.15,-0.23%,38000
04/23/2004,66.05,66.05,63.6,64.55,-0.75,-1.15%,42060
04/22/2004,65.9,65.9,63.9,65.3,-0.65,-0.99%,85420
04/21/2004,64.85,65.95,63.85,65.95,2.3,+3.61%,22780
04/20/2004,66.4,66.5,63.65,63.65,-2.5,-3.78%,33640
04/19/2004,65.5,66.2,64.5,66.15,1.1,+1.69%,29820
04/16/2004,65.2,66.15,65,65.05,0,0.00%,25980
04/15/2004,65,65.95,64.35,65.05,0.05,+0.08%,51740
04/14/2004,65.05,66.25,64.85,65,-0.05,-0.08%,37120
04/13/2004,68,68,65,65.05,-2.95,-4.34%,49980
04/12/2004,67.05,68.3,67.05,68,1.1,+1.64%,31100
04/08/2004,69,69,66.9,66.9,-1.9,-2.76%,34960
04/07/2004,67.65,68.85,67.25,68.8,1.05,+1.55%,30940
04/06/2004,68.75,68.8,67.75,67.75,-1.15,-1.67%,28960
04/05/2004,68.15,68.95,67.15,68.9,-0.05,-0.07%,53460
04/02/2004,67.4,69,67.3,68.95,1.1,+1.62%,68340
04/01/2004,67.7,67.95,66.8,67.85,0.55,+0.82%,23740
03/31/2004,66.75,67.4,65.45,67.3,0.25,+0.37%,44900
03/30/2004,66.25,67.15,66.05,67.05,0.3,+0.45%,25020
03/29/2004,65.7,66.8,65,66.75,1.7,+2.61%,38920
03/26/2004,65.7,65.7,64.75,65.05,-0.5,-0.76%,25140
03/25/2004,64.45,65.55,63.45,65.55,2.2,+3.47%,44680
03/24/2004,64.45,64.45,63.35,63.35,-0.9,-1.40%,31460
03/23/2004,63.95,65,63.5,64.25,1.05,+1.66%,29160
03/22/2004,65.2,65.4,63.2,63.2,-1.7,-2.62%,43840
03/19/2004,66.5,67.05,64.75,64.9,-0.8,-1.22%,40260
03/18/2004,66,67.45,65.2,65.7,-1.75,-2.59%,29580
03/17/2004,66.4,67.5,65.7,67.45,2.65,+4.09%,35480
03/16/2004,66.3,66.5,64.55,64.8,-0.2,-0.31%,39820
03/15/2004,65.6,67,65,65,-1.95,-2.91%,27360
03/12/2004,65.8,67,65.5,66.95,1.9,+2.92%,34220
03/11/2004,65.05,67,65.05,65.05,-0.45,-0.69%,36540
03/10/2004,66.9,67.7,65.5,65.5,-0.75,-1.13%,31980
03/09/2004,66.55,67.4,66.25,66.25,-0.35,-0.53%,33700
03/08/2004,67.55,68.1,66.6,66.6,-1.6,-2.35%,32780
03/05/2004,67.15,68.25,67.15,68.2,-0.15,-0.22%,36660
03/04/2004,67.55,68.5,66.75,68.35,1.05,+1.56%,35660
03/03/2004,67.25,68,66.75,67.3,-0.05,-0.07%,32880
03/02/2004,68.6,68.6,67.25,67.35,-0.85,-1.25%,38060
03/01/2004,68.15,68.3,67.35,68.2,0.6,+0.89%,58240
02/27/2004,68.1,68.75,67.35,67.6,0,0.00%,48480
02/26/2004,67.65,68.45,67.55,67.6,-0.85,-1.24%,48020
02/25/2004,67.75,68.45,67.35,68.45,0.65,+0.96%,39040
02/24/2004,68.05,68.45,67.35,67.8,0,0.00%,34460
02/23/2004,68.5,68.8,67.5,67.8,0,0.00%,53460
02/20/2004,68.75,68.8,67.75,67.8,-0.25,-0.37%,55300
02/19/2004,69.3,69.3,68,68.05,-1.15,-1.66%,50140
02/18/2004,69,69.2,67.85,69.2,0.8,+1.17%,171600
02/17/2004,67.6,69.45,67.6,68.4,0.55,+0.81%,50460
02/13/2004,69.65,69.8,67.75,67.85,-2,-2.86%,39880
02/12/2004,69.4,69.85,68.95,69.85,-0.15,-0.21%,27340
02/11/2004,69.1,70,68.2,70,0,0.00%,25680
02/10/2004,67.8,70,67.7,70,1.2,+1.74%,35480
02/09/2004,68.4,69.8,67.65,68.8,-0.2,-0.29%,28500
02/06/2004,67.35,69.1,66.05,69,2.6,+3.92%,30380
02/05/2004,66.35,67.45,65.7,66.4,1.35,+2.08%,29360
02/04/2004,66.7,67.35,65.05,65.05,-2.8,-4.13%,53760
02/03/2004,66.75,67.9,66.4,67.85,0.8,+1.19%,13780
02/02/2004,67.75,68.2,66.2,67.05,-0.4,-0.59%,29860
01/30/2004,67.1,68.75,67,67.45,0.25,+0.37%,20000
01/29/2004,67.25,68.55,67,67.2,-0.45,-0.67%,38040
01/28/2004,68.2,69.15,67.5,67.65,-0.4,-0.59%,32760
01/27/2004,70.35,70.5,68.05,68.05,-1.95,-2.79%,51440
01/26/2004,69.45,70,68.95,70,0.05,+0.07%,27940
01/23/2004,68.55,69.95,67.65,69.95,2.45,+3.63%,35900
01/22/2004,68.55,69.25,67.5,67.5,-1.6,-2.32%,20200
01/21/2004,69.15,69.75,67.8,69.1,-0.9,-1.29%,42620
01/20/2004,67.95,70,67.05,70,2.85,+4.24%,33040
01/16/2004,67.3,68.75,67.15,67.15,-0.1,-0.15%,26900
01/15/2004,68.35,68.65,67,67.25,-0.75,-1.10%,25240
01/14/2004,67.55,68,66.8,68,0.45,+0.67%,31180
01/13/2004,67.35,67.65,66.05,67.55,-0.15,-0.22%,26400
01/12/2004,67.05,67.7,66.15,67.7,1.1,+1.65%,29540
01/09/2004,66.75,68.25,66.55,66.6,-1.75,-2.56%,33600
01/08/2004,67.5,68.4,66.85,68.35,1,+1.48%,27320
01/07/2004,66.65,67.35,66.05,67.35,1.3,+1.97%,26420
01/06/2004,67.5,68.05,66,66.05,-2.05,-3.01%,34180
01/05/2004,68.2,68.65,67.15,68.1,1.25,+1.87%,28880
01/02/2004,68.35,68.45,66.5,66.85,1.1,+1.67%,30580
12/31/2003,68.6,68.6,65.75,65.75,-2.95,-4.29%,41340
12/30/2003,68.75,68.95,67.5,68.7,0.15,+0.22%,29540
12/29/2003,67.2,68.75,66.7,68.55,1.05,+1.56%,22540
12/26/2003,66.4,67.5,66.4,67.5,1.1,+1.66%,6720
12/24/2003,68,68.35,66.35,66.4,-1.65,-2.42%,12220
12/23/2003,66.65,68.1,65.45,68.05,1.4,+2.10%,29100
12/22/2003,66.55,66.95,65.55,66.65,0,0.00%,21860
12/19/2003,67.5,67.5,65,66.65,-0.2,-0.30%,30840
12/18/2003,67.2,67.2,65.4,66.85,-0.25,-0.37%,24160
12/17/2003,66.1,67.1,65.25,67.1,2.15,+3.31%,21720
12/16/2003,64.5,66.65,64.5,64.95,0.35,+0.54%,27320
12/15/2003,67.5,67.5,64.5,64.6,-1.6,-2.42%,33860
12/12/2003,66.95,67.35,66,66.2,-0.65,-0.97%,40700
12/11/2003,63.85,67.25,63.7,66.85,2.45,+3.80%,71200
12/10/2003,66.05,66.05,64.05,64.4,-1.4,-2.13%,31360
12/09/2003,66.65,67.45,65.3,65.8,-1.25,-1.86%,21200
12/08/2003,64.85,67.3,64.85,67.05,1.85,+2.84%,31460
12/05/2003,67.55,67.55,65,65.2,-2.05,-3.05%,51720
12/04/2003,65.95,67.65,65.1,67.25,1.7,+2.59%,74000
12/03/2003,68.9,69.4,65.55,65.55,-4.85,-6.89%,81620
12/02/2003,70,70.7,69.6,70.4,0.1,+0.14%,39020
12/01/2003,69.95,71.25,69.75,70.3,0.55,+0.79%,51900
11/28/2003,70.45,71.1,69.75,69.75,-1.25,-1.76%,16980
11/26/2003,70.65,71,69.45,71,0.4,+0.57%,39780
11/25/2003,70,70.6,69.3,70.6,0.6,+0.86%,38340
11/24/2003,67.65,70,67.3,70,2.1,+3.09%,42500
11/21/2003,67.45,68.15,67,67.9,0.95,+1.42%,43300
11/20/2003,66,67.45,65.35,66.95,0.65,+0.98%,43520
11/19/2003,65.5,66.95,64.95,66.3,0.9,+1.38%,37000
11/18/2003,66.25,66.85,65.4,65.4,-0.8,-1.21%,32680
11/17/2003,66.5,66.95,65,66.2,0,0.00%,34080
11/14/2003,67.05,67.45,65.75,66.2,-0.45,-0.68%,33380
11/13/2003,66.2,67,65.7,66.65,0.15,+0.23%,28940
11/12/2003,66,66.7,66,66.5,0.8,+1.22%,29220
11/11/2003,65.95,66.2,65,65.7,0.45,+0.69%,21320
11/10/2003,66.75,67.2,65.15,65.25,-1.5,-2.25%,46240
11/07/2003,67,67.5,66,66.75,-0.25,-0.37%,45280
11/06/2003,66.1,67.1,65.1,67,0.75,+1.13%,39600
11/05/2003,65.55,66.45,64.8,66.25,0.65,+0.99%,49340
11/04/2003,66.3,66.6,65.4,65.6,-0.4,-0.61%,67040
11/03/2003,65.25,66.75,65,66,0.75,+1.15%,80000
10/31/2003,65.65,65.9,64.45,65.25,0.35,+0.54%,41040
10/30/2003,66,66.25,64.55,64.9,-0.8,-1.22%,34200
10/29/2003,64.85,65.75,64.75,65.7,0.2,+0.31%,39800
10/28/2003,63.45,65.5,63.45,65.5,1.5,+2.34%,37580
10/27/2003,61.9,64.2,61.3,64,2.75,+4.49%,29600
10/24/2003,62,62.4,61.25,61.25,-0.55,-0.89%,26820
10/23/2003,62.95,63.4,61.75,61.8,-0.55,-0.88%,29960
10/22/2003,64.05,64.35,62.3,62.35,-1.65,-2.58%,28800
10/21/2003,64.2,65.15,63.6,64,0.15,+0.23%,25160
10/20/2003,65.1,65.1,63.5,63.85,0.05,+0.08%,14680
10/17/2003,65.85,65.85,63.65,63.8,-1.6,-2.45%,26560
10/16/2003,64.85,65.65,64.65,65.4,0.45,+0.69%,25120
10/15/2003,65.7,65.75,64.65,64.95,-0.55,-0.84%,32180
10/14/2003,65.5,65.95,64.85,65.5,-0.3,-0.46%,32640
10/13/2003,64.7,65.9,64.7,65.8,1.35,+2.09%,37000
10/10/2003,64.75,64.85,63.45,64.45,-0.25,-0.39%,22100
10/09/2003,64.35,65.45,63.6,64.7,0.6,+0.94%,27820
10/08/2003,65,65,63.8,64.1,-0.9,-1.38%,23780
10/07/2003,65.35,65.35,64.05,65,0.15,+0.23%,30760
10/06/2003,64.85,65.5,64.35,64.85,0.25,+0.39%,22440
10/03/2003,64.1,65,64.1,64.6,0.1,+0.16%,32400
10/02/2003,63.8,64.65,63.1,64.5,1.05,+1.65%,22800
10/01/2003,63,63.9,62.1,63.45,1.65,+2.67%,39800
09/30/2003,61.8,62.5,60.95,61.8,-0.05,-0.08%,49880
09/29/2003,61.8,63.3,60.5,61.85,0.25,+0.41%,41920
09/26/2003,60.75,62.55,60.75,61.6,-0.25,-0.40%,26700
09/25/2003,65.1,65.1,61.75,61.85,-1.6,-2.52%,57820
09/24/2003,64.7,65.4,63.4,63.45,-1.5,-2.31%,23160
09/23/2003,65.3,65.5,64.3,64.95,0.25,+0.39%,21320
09/22/2003,66.45,66.45,64.5,64.7,-2.05,-3.07%,33760
09/19/2003,65.65,66.75,65.15,66.75,0.6,+0.91%,63060
09/18/2003,65.15,66.35,64.8,66.15,1.1,+1.69%,20800
09/17/2003,65.9,66.2,64.55,65.05,-0.85,-1.29%,17000
09/16/2003,65,66.25,64.4,65.9,1.85,+2.89%,25580
09/15/2003,64.6,65,64,64.05,-0.35,-0.54%,18860
09/12/2003,64.5,64.55,63,64.4,0.5,+0.78%,21860
09/11/2003,63.5,64.35,63.5,63.9,0.15,+0.24%,19120
09/10/2003,64.5,65.15,63.6,63.75,-1.6,-2.45%,35840
09/09/2003,65.5,65.5,64.75,65.35,0,0.00%,37160
09/08/2003,64.75,66.3,64.75,65.35,0.45,+0.69%,42200
09/05/2003,65.2,66.3,64.9,64.9,-0.5,-0.76%,36000
09/04/2003,65.5,66,65.05,65.4,-0.1,-0.15%,48420
09/03/2003,66.75,66.95,65.5,65.5,-1.25,-1.87%,49920
09/02/2003,64.9,67.35,64.6,66.75,2.35,+3.65%,168160
08/29/2003,65.45,65.45,64.35,64.4,-0.75,-1.15%,16120
08/28/2003,65.25,65.5,64.55,65.15,0.15,+0.23%,32120
08/27/2003,65.6,65.65,64.7,65,0.05,+0.08%,31620
08/26/2003,64.25,65.55,63.5,64.95,1.1,+1.72%,58960
08/25/2003,63.7,64.25,63.1,63.85,0.15,+0.24%,28920
08/22/2003,65.75,66.2,63.2,63.7,-2.05,-3.12%,39900
08/21/2003,64.5,65.75,64.45,65.75,0.75,+1.15%,56240
08/20/2003,64.85,65.15,64,65,0.25,+0.39%,36620
08/19/2003,64.25,64.75,63.55,64.75,0.25,+0.39%,35420
08/18/2003,61.75,64.65,61.75,64.5,3,+4.88%,60600
08/15/2003,62.35,63,61.45,61.5,-0.9,-1.44%,29120
08/14/2003,61.55,62.85,60.9,62.4,0.9,+1.46%,41740
08/13/2003,59.85,61.5,59.7,61.5,1.6,+2.67%,44000
08/12/2003,59.85,59.95,59.25,59.9,-0.05,-0.08%,27900
08/11/2003,59.9,60.25,59,59.95,0.35,+0.59%,23660
08/08/2003,59.3,59.95,58.95,59.6,-0.05,-0.08%,17260
08/07/2003,60.05,60.05,58.8,59.65,-0.3,-0.50%,37880
08/06/2003,60.2,60.75,59.6,59.95,0.25,+0.42%,40660
08/05/2003,60.5,60.75,59.65,59.7,-0.5,-0.83%,27860
08/04/2003,60.5,60.85,59.8,60.2,0.25,+0.42%,22580
08/01/2003,62,62,59.9,59.95,-1.6,-2.60%,37800
07/31/2003,61.15,62.45,60.95,61.55,0.1,+0.16%,89560
07/30/2003,59.4,62.15,59.35,61.45,2.4,+4.06%,57140
07/29/2003,59.9,60.6,59,59.05,-0.2,-0.34%,34220
07/28/2003,58.95,59.85,58.5,59.25,0.45,+0.77%,27440
07/25/2003,59.5,61.7,58.5,58.8,0.4,+0.68%,20080
07/24/2003,58.5,59.5,58.2,58.4,-0.4,-0.68%,47100
07/23/2003,59.2,59.25,58.75,58.8,-0.05,-0.08%,36340
07/22/2003,59.25,59.25,58.25,58.85,0.45,+0.77%,26600
07/21/2003,59.35,59.35,58,58.4,-0.5,-0.85%,24880
07/18/2003,58.5,59.25,58.25,58.9,0.2,+0.34%,20720
07/17/2003,58.6,59.1,58.1,58.7,-0.15,-0.25%,27520
07/16/2003,57.9,59.2,57.55,58.85,0.55,+0.94%,23320
07/15/2003,59.15,59.2,57.55,58.3,-0.2,-0.34%,23560
07/14/2003,58.8,59.2,58.25,58.5,-0.2,-0.34%,23420
07/11/2003,57.35,58.95,56.7,58.7,0.9,+1.56%,20500
07/10/2003,58.85,58.85,56.5,57.8,-1.05,-1.78%,23140
07/09/2003,58.45,59,57.7,58.85,0.1,+0.17%,43760
07/08/2003,57.35,58.75,57.35,58.75,0.95,+1.64%,25020
07/07/2003,57.1,58.4,56.85,57.8,1.2,+2.12%,25040
07/03/2003,57.1,57.5,56.35,56.6,-0.55,-0.96%,14220
07/02/2003,56.7,57.35,55,57.15,2.9,+5.35%,56540
07/01/2003,55.8,56.25,54.05,54.25,-1.05,-1.90%,48480
06/30/2003,57.05,57.05,55.05,55.3,-1.6,-2.81%,47440
06/27/2003,57.1,58.1,56.35,56.9,0.35,+0.62%,25120
06/26/2003,57.45,57.5,56.3,56.55,0.5,+0.89%,25180
06/25/2003,56.35,57.4,56.05,56.05,-0.35,-0.62%,20900
06/24/2003,56.25,56.95,55.7,56.4,-0.1,-0.18%,24980
06/23/2003,58.45,58.65,56.15,56.5,-1.25,-2.16%,31300
06/20/2003,57.05,58.25,57,57.75,0.05,+0.09%,24780
06/19/2003,58,58.4,57.2,57.7,-0.05,-0.09%,25680
06/18/2003,57.55,58.25,56.75,57.75,0.5,+0.87%,33280
06/17/2003,58.2,58.4,57.1,57.25,-0.65,-1.12%,32440
06/16/2003,57.4,58.4,57,57.9,0.8,+1.40%,33340
06/13/2003,57.85,58.4,56.9,57.1,-0.55,-0.95%,31580
06/12/2003,58.25,58.45,57.5,57.65,-0.05,-0.09%,32900
06/11/2003,58.05,58.15,57.3,57.7,-0.05,-0.09%,26940
06/10/2003,57.1,58.2,56.9,57.75,0.3,+0.52%,22760
06/09/2003,56.7,57.45,56.2,57.45,0.75,+1.32%,33040
06/06/2003,58.65,58.75,56.65,56.7,-1.6,-2.74%,57960
06/05/2003,57,58.35,57,58.3,0.65,+1.13%,25920
06/04/2003,57.75,58,56.5,57.65,-0.2,-0.35%,26220
06/03/2003,57.35,58.4,56.75,57.85,0.9,+1.58%,45080
06/02/2003,57.4,58,56.75,56.95,-0.35,-0.61%,59360
05/30/2003,57.15,57.5,56.6,57.3,0.5,+0.88%,49980
05/29/2003,56.6,57.45,56,56.8,0.35,+0.62%,66760
05/28/2003,55.7,56.55,55.25,56.45,1.2,+2.17%,41460
05/27/2003,55.45,55.6,54.05,55.25,0.35,+0.64%,65960
05/23/2003,53.7,55.35,53.3,54.9,0.7,+1.29%,29380
05/22/2003,55.25,55.25,53.6,54.2,-0.05,-0.09%,47540
05/21/2003,54.4,54.65,53.85,54.25,-0.4,-0.73%,18760
05/20/2003,53,54.75,52.75,54.65,1.9,+3.60%,38600
05/19/2003,53.25,54,52.75,52.75,-0.8,-1.49%,26860
05/16/2003,52.35,54.7,52.35,53.55,-0.3,-0.56%,47280
05/15/2003,53.75,54.8,53,53.85,0.25,+0.47%,38920
05/14/2003,54,54.5,53.25,53.6,-0.35,-0.65%,23440
05/13/2003,54.5,54.5,53.45,53.95,0.05,+0.09%,34820
05/12/2003,54,54.5,53.3,53.9,-0.1,-0.19%,32140
05/09/2003,53.5,54,52.75,54,1.1,+2.08%,17020
05/08/2003,53,53.75,52.6,52.9,0.15,+0.28%,33700
05/07/2003,53.5,53.65,52.55,52.75,-0.35,-0.66%,35740
05/06/2003,52.95,53.75,52.8,53.1,-0.05,-0.09%,39400
05/05/2003,52.25,53.15,52.25,53.15,0.5,+0.95%,46140
05/02/2003,51.45,53.5,51.45,52.65,1.1,+2.13%,36200
05/01/2003,51.3,52.25,51.25,51.55,-0.6,-1.15%,22540
04/30/2003,51.95,52.5,51.55,52.15,0.05,+0.10%,31940
04/29/2003,52,52.45,51.75,52.1,-0.25,-0.48%,28580
04/28/2003,51.45,52.35,51.05,52.35,1.3,+2.55%,32200
04/25/2003,51.4,51.6,50.95,51.05,0,0.00%,25460
04/24/2003,50.75,51.45,50.75,51.05,-0.05,-0.10%,31280
04/23/2003,51.3,51.3,50.5,51.1,-0.25,-0.49%,36460
04/22/2003,50.15,51.45,50.15,51.35,1.1,+2.19%,44300
04/21/2003,50.45,50.5,50,50.25,-0.2,-0.40%,25120
04/17/2003,50.75,51,49.95,50.45,-0.1,-0.20%,18140
04/16/2003,51.1,51.1,50.2,50.55,-0.1,-0.20%,21720
04/15/2003,51.3,51.3,50.45,50.65,-0.55,-1.07%,17460
04/14/2003,51.05,51.25,50.5,51.2,0.7,+1.39%,13420
04/11/2003,50.5,51.6,50.5,50.5,-0.5,-0.98%,16540
04/10/2003,50.55,51.5,50.55,51,0.4,+0.79%,11500
04/09/2003,51.75,52.2,50.6,50.6,-1.5,-2.88%,21260
04/08/2003,51.05,52.25,50.95,52.1,0.8,+1.56%,23200
04/07/2003,51.8,52.5,50.9,51.3,0.5,+0.98%,25980
04/04/2003,50.8,52.05,50.75,50.8,-0.5,-0.97%,25580
04/03/2003,51.35,51.85,50.5,51.3,0.05,+0.10%,30400
04/02/2003,50,51.5,50,51.25,0.85,+1.69%,34340
04/01/2003,49.8,50.45,48.6,50.4,2.25,+4.67%,28660
03/31/2003,49.85,50.3,48.15,48.15,-1.15,-2.33%,31340
03/28/2003,50.5,50.75,49.25,49.3,-0.95,-1.89%,13580
03/27/2003,49.8,50.35,49.5,50.25,0.65,+1.31%,12940
03/26/2003,49.5,50.75,49.5,49.6,-0.7,-1.39%,16900
03/25/2003,50.45,50.55,49.95,50.3,0.35,+0.70%,17600
03/24/2003,51,51.25,49.55,49.95,-1.55,-3.01%,11460
03/21/2003,51.8,53.5,50.45,51.5,0.6,+1.18%,30100
03/20/2003,49.75,51.25,49.5,50.9,0.15,+0.30%,15840
03/19/2003,50.25,50.8,49.85,50.75,0.45,+0.89%,25040
03/18/2003,51.45,51.45,49.35,50.3,-0.95,-1.85%,24640
03/17/2003,48.75,51.45,48.5,51.25,2.05,+4.17%,50920
03/14/2003,49.15,50,48.6,49.2,0.3,+0.61%,36900
03/13/2003,49.2,49.4,48.45,48.9,0.75,+1.56%,28660
03/12/2003,48.25,49.5,47.5,48.15,0.1,+0.21%,39560
03/11/2003,49.7,49.85,47.5,48.05,-0.8,-1.64%,39940
03/10/2003,50.25,50.5,48.85,48.85,-1.15,-2.30%,27200
03/07/2003,49.25,50.65,48.8,50,0.75,+1.52%,23000
03/06/2003,50.1,50.15,49.2,49.25,-0.75,-1.50%,24320
03/05/2003,50.75,50.75,49.65,50,-0.95,-1.86%,17000
03/04/2003,50.55,51.5,50.45,50.95,0.6,+1.19%,11540
03/03/2003,50.15,50.9,50.05,50.35,0.25,+0.50%,22260
02/28/2003,50.35,51.75,50.05,50.1,-0.75,-1.47%,15180
02/27/2003,50.75,51.5,50,50.85,0.9,+1.80%,10740
02/26/2003,51.6,51.65,49.8,49.95,-1.75,-3.38%,27240
02/25/2003,50.15,51.95,49.45,51.7,1.6,+3.19%,23700
02/24/2003,52.2,52.2,49.45,50.1,-2.4,-4.57%,35080
02/21/2003,51.85,52.65,51.05,52.5,1.7,+3.35%,17740
02/20/2003,51.8,51.8,50.5,50.8,-0.75,-1.45%,17400
02/19/2003,51.25,51.55,50.75,51.55,0.05,+0.10%,20860
02/18/2003,51.45,52.15,49.1,51.5,-0.3,-0.58%,29740
02/14/2003,49.9,51.9,49.6,51.8,2.3,+4.65%,38200
02/13/2003,49.6,50.1,48.7,49.5,0.75,+1.54%,34800
02/12/2003,49.75,49.75,48.65,48.75,-0.35,-0.71%,34980
02/11/2003,50.6,50.6,49,49.1,-1.45,-2.87%,34460
02/10/2003,50.5,50.65,49.9,50.55,0.85,+1.71%,49160
02/07/2003,51.75,51.75,49.65,49.7,-1.5,-2.93%,53360
02/06/2003,51.35,52,50.6,51.2,-0.7,-1.35%,42340
02/05/2003,52,52.1,51.25,51.9,0.45,+0.87%,27380
02/04/2003,52.25,52.25,51.25,51.45,-0.8,-1.53%,24500
02/03/2003,51.45,52.4,51.45,52.25,0.65,+1.26%,21380
01/31/2003,51,52.5,51,51.6,0.6,+1.18%,29400
01/30/2003,52.5,52.5,51,51,-1,-1.92%,31200
01/29/2003,52.65,52.7,51.6,52,-0.6,-1.14%,32360
01/28/2003,52,53.15,52,52.6,0.95,+1.84%,23120
01/27/2003,52.7,53.05,51.5,51.65,-0.7,-1.34%,28120
01/24/2003,53.25,53.55,52.35,52.35,-1.15,-2.15%,35060
01/23/2003,53.45,53.5,52.5,53.5,0.9,+1.71%,17560
01/22/2003,53.4,53.55,52.5,52.6,-0.15,-0.28%,40360
01/21/2003,54.5,54.95,52.15,52.75,-1.05,-1.95%,40560
01/17/2003,54.8,56.8,53.3,53.8,-0.6,-1.10%,28780
01/16/2003,55,55.35,54.25,54.4,-0.1,-0.18%,12700
01/15/2003,55.35,55.5,54.3,54.5,-0.9,-1.62%,19980
01/14/2003,55.9,55.9,54.55,55.4,0.05,+0.09%,15580
01/13/2003,55.3,55.9,54.65,55.35,0.25,+0.45%,18760
01/10/2003,55,55.65,54.8,55.1,-0.1,-0.18%,13680
01/09/2003,55.75,56,54.8,55.2,0.1,+0.18%,35640
01/08/2003,56.15,56.15,55,55.1,-0.4,-0.72%,13960
01/07/2003,56.1,56.5,55.3,55.5,-0.5,-0.89%,40000
01/06/2003,56.9,57,55.9,56,0,0.00%,33920
01/03/2003,56,56.65,55.2,56,0,0.00%,67340
01/02/2003,55,56.1,54,56,2.1,+3.90%,30680
12/31/2002,54.5,55.75,53.6,53.9,-0.85,-1.55%,24440
12/30/2002,55,55.75,54,54.75,0,0.00%,31740
12/27/2002,56.5,56.5,54.6,54.75,-1.45,-2.58%,14200
12/26/2002,55.85,56.25,54.8,56.2,0.9,+1.63%,14960
12/24/2002,57.65,57.65,54.65,55.3,-2.05,-3.57%,18360
12/23/2002,56.2,57.5,55.55,57.35,0.85,+1.50%,26060
12/20/2002,55.1,57.5,53.35,56.5,3.25,+6.10%,95940
12/19/2002,53.7,54.5,52.55,53.25,0.15,+0.28%,25500
12/18/2002,56.05,56.15,52.5,53.1,-3,-5.35%,23680
12/17/2002,55.65,56.5,55.15,56.1,0.2,+0.36%,13840
12/16/2002,55,56.2,54.65,55.9,0.6,+1.08%,35320
12/13/2002,55.55,57,54.7,55.3,-1,-1.78%,22800
12/12/2002,56,57,55.25,56.3,0.45,+0.81%,38240
12/11/2002,54.25,56.05,54.25,55.85,1.85,+3.43%,42840
12/10/2002,52.75,55,52.75,54,0.8,+1.50%,33240
12/09/2002,55,55,52.75,53.2,-1.5,-2.74%,26860
12/06/2002,54.45,55.05,52.85,54.7,0.45,+0.83%,16440
12/05/2002,54,54.85,53.35,54.25,0.15,+0.28%,15060
12/04/2002,55,55.2,54.05,54.1,-1.5,-2.70%,17360
12/03/2002,56,56.65,54.95,55.6,-1,-1.77%,24660
12/02/2002,55.05,57.25,54.8,56.6,1.5,+2.72%,22060
11/29/2002,56.6,57.45,54.45,55.1,-2.35,-4.09%,15300
11/27/2002,56.2,57.5,55.75,57.45,1.65,+2.96%,29520
11/26/2002,56.5,57.5,54.95,55.8,-0.45,-0.80%,25720
11/25/2002,55.95,56.25,54.35,56.25,0.65,+1.17%,23840
11/22/2002,55.4,55.75,54.25,55.6,-0.7,-1.24%,20920
11/21/2002,55.4,56.65,53.75,56.3,0.85,+1.53%,26040
11/20/2002,53.1,55.45,53.1,55.45,2.3,+4.33%,18380
11/19/2002,53.55,55,53,53.15,-0.7,-1.30%,9500
11/18/2002,55.25,55.9,53.5,53.85,-1.4,-2.53%,14940
11/15/2002,55.25,55.95,54.3,55.25,-0.7,-1.25%,14640
11/14/2002,54.25,55.95,53,55.95,0.95,+1.73%,27860
11/13/2002,53.3,55.75,53.3,55,0.6,+1.10%,20020
11/12/2002,52.9,54.5,52.55,54.4,2.1,+4.02%,10260
11/11/2002,54.5,55,52.3,52.3,-1.95,-3.59%,14280
11/08/2002,53.25,55,52.9,54.25,1.35,+2.55%,19360
11/07/2002,56.15,56.15,52.9,52.9,-3.6,-6.37%,26960
11/06/2002,56.75,56.75,54.7,56.5,-0.25,-0.44%,25440
11/05/2002,56.15,56.75,55,56.75,0.2,+0.35%,17640
11/04/2002,55,56.55,55,56.55,0.55,+0.98%,25700
11/01/2002,53.1,56,52.75,56,2.65,+4.97%,34660
10/31/2002,54.05,55.05,53.35,53.35,-1.15,-2.11%,20520
10/30/2002,54.65,55.6,53.8,54.5,0,0.00%,27040
10/29/2002,53.8,54.5,52.75,54.5,0.25,+0.46%,16040
10/28/2002,55.45,56.25,54,54.25,-1.4,-2.52%,16700
10/25/2002,53.5,55.85,53.15,55.65,2.05,+3.82%,17020
10/24/2002,56.45,56.45,53.2,53.6,-2.65,-4.71%,21760
10/23/2002,54.05,56.25,54.05,56.25,2,+3.69%,19720
10/22/2002,55.7,55.7,54.05,54.25,-1.4,-2.52%,26360
10/21/2002,52.8,56,52.8,55.65,1.7,+3.15%,31060
10/18/2002,54.05,54.75,52.05,53.95,-0.3,-0.55%,21600
10/17/2002,51.3,54.45,51.25,54.25,1.65,+3.14%,29080
10/16/2002,52.85,53,51.85,52.6,-0.25,-0.47%,27220
10/15/2002,51.25,53.25,50.15,52.85,1.1,+2.13%,37240
10/14/2002,49.8,52.35,48.5,51.75,1.3,+2.58%,25920
10/11/2002,50.55,53,49.8,50.45,-0.55,-1.08%,27180
10/10/2002,47.8,51,47.7,51,3.1,+6.47%,26460
10/09/2002,51.8,51.8,47.5,47.9,-4.15,-7.97%,38560
10/08/2002,50.5,52.5,50.25,52.05,2.45,+4.94%,69200
10/07/2002,48.9,49.9,47.5,49.6,0.5,+1.02%,60200
10/04/2002,50.25,50.9,48.45,49.1,-1.15,-2.29%,29640
10/03/2002,51.25,52.65,49.9,50.25,-1.2,-2.33%,25740
10/02/2002,54.45,55,51.25,51.45,-3.4,-6.20%,36660
10/01/2002,53.2,55.95,51.3,54.85,1.95,+3.69%,54620
09/30/2002,51.25,54.25,49.75,52.9,1.6,+3.12%,103540
09/27/2002,48.65,51.95,48.25,51.3,2.65,+5.45%,60580
09/26/2002,47.55,49,46.25,48.65,2.55,+5.53%,48600
09/25/2002,49.35,52.2,45.75,46.1,-2.75,-5.63%,73480
09/24/2002,48.75,52.15,48.55,48.85,-0.15,-0.31%,38620
09/23/2002,46.4,50.05,43.75,49,0.65,+1.34%,93320
09/20/2002,50.75,53.15,48.25,48.35,-2.5,-4.92%,102540
09/19/2002,55.75,56.05,49.8,50.85,-5,-8.95%,80260
09/18/2002,55.95,56,54.25,55.85,-0.15,-0.27%,77180
09/17/2002,57.75,58.75,56,56,-0.55,-0.97%,16940
09/16/2002,58.75,59.1,56.5,56.55,-2.2,-3.74%,14160
09/13/2002,56.4,58.75,56.25,58.75,2.45,+4.35%,15860
09/12/2002,58,58.4,56.25,56.3,-1.9,-3.26%,22080
09/11/2002,59,59,57.95,58.2,-0.05,-0.09%,15000
09/10/2002,59.95,60.45,58.25,58.25,-1.25,-2.10%,42480
09/09/2002,59.2,60.6,58.5,59.5,0.25,+0.42%,34740
09/06/2002,59.3,60,58.5,59.25,0.6,+1.02%,28460
09/05/2002,60.05,60.9,58.6,58.65,-2.4,-3.93%,18700
09/04/2002,59.45,61.05,58.25,61.05,3.15,+5.44%,30660
09/03/2002,60.4,60.9,57.9,57.9,-2.1,-3.50%,30580
08/30/2002,60.75,61.55,60,60,-1.25,-2.04%,20260
08/29/2002,61.05,61.55,60.05,61.25,0.7,+1.16%,14060
08/28/2002,60,62,60,60.55,0.55,+0.92%,45600
08/27/2002,60.9,61.7,60,60,-0.85,-1.40%,34780
08/26/2002,60.9,61.25,60.1,60.85,0.65,+1.08%,29480
08/23/2002,61.3,61.3,60.2,60.2,-0.85,-1.39%,23180
08/22/2002,61,61.5,60.3,61.05,-0.9,-1.45%,21840
08/21/2002,61.15,62.15,60.25,61.95,0.7,+1.14%,31240
08/20/2002,61.5,62.45,60.3,61.25,-1.15,-1.84%,24480
08/19/2002,61.5,62.45,61.35,62.4,0.95,+1.55%,13680
08/16/2002,61.25,62,60.65,61.45,0.5,+0.82%,13180
08/15/2002,62.5,62.5,60.9,60.95,-1,-1.61%,15540
08/14/2002,60.5,62.3,60,61.95,1.95,+3.25%,28180
08/13/2002,61.05,62.15,60,60,-1.3,-2.12%,15600
08/12/2002,62.15,62.3,61.05,61.3,-0.95,-1.53%,14880
08/09/2002,63,63.2,61.55,62.25,-0.05,-0.08%,13180
08/08/2002,62.5,63.25,61.4,62.3,-0.2,-0.32%,21600
08/07/2002,62.45,62.5,60.75,62.5,0,0.00%,16600
08/06/2002,60.6,62.5,60.3,62.5,1.95,+3.22%,20960
08/05/2002,61.2,61.9,60.55,60.55,-0.65,-1.06%,12200
08/02/2002,62.25,62.6,61.2,61.2,-1.1,-1.77%,21300
08/01/2002,63,63.75,61.25,62.3,0,0.00%,37520
07/31/2002,64.8,64.8,62.3,62.3,-2.4,-3.71%,29760
07/30/2002,65.05,65.05,62.1,64.7,-0.55,-0.84%,28600
07/29/2002,61.95,65.5,61,65.25,3.3,+5.33%,45220
07/26/2002,61.75,61.95,59.75,61.95,0.7,+1.14%,21660
07/25/2002,58.65,61.8,58.6,61.25,2.1,+3.55%,47680
07/24/2002,55.25,59.55,54.1,59.15,2.65,+4.69%,66440
07/23/2002,59.25,59.25,55.55,56.5,-2.2,-3.75%,36040
07/22/2002,60,60.05,57.5,58.7,-0.55,-0.93%,28140
07/19/2002,59.9,60.5,58.75,59.25,0.5,+0.85%,25220
07/18/2002,60,61.95,58.75,58.75,-1.95,-3.21%,19440
07/17/2002,60.35,61,60,60.7,0.4,+0.66%,18660
07/16/2002,61.15,61.2,59.1,60.3,-0.85,-1.39%,17480
07/15/2002,60.9,61.85,59,61.15,0.25,+0.41%,24400
07/12/2002,63.3,63.3,60.85,60.9,-1.1,-1.77%,16140
07/11/2002,61.9,62.5,60.85,62,0,0.00%,11980
07/10/2002,62.75,64.2,61.6,62,-0.85,-1.35%,18400
07/09/2002,61.8,64.1,61.5,62.85,1.05,+1.70%,20360
07/08/2002,63.85,64.25,61.75,61.8,-2.15,-3.36%,15260
07/05/2002,61.1,63.95,60.35,63.95,2.9,+4.75%,10780
07/03/2002,60.85,61.9,60.05,61.05,0.25,+0.41%,14100
07/02/2002,60.85,63.15,60.75,60.8,-2.1,-3.34%,28840
07/01/2002,66.45,66.75,61.05,62.9,-2.95,-4.48%,48240
06/28/2002,63.35,66,61.45,65.85,1.5,+2.33%,101840
06/27/2002,59.75,64.4,59,64.35,1.4,+2.22%,25560
06/26/2002,61.6,62.95,59.3,62.95,1.8,+2.94%,35400
06/25/2002,61.05,62.25,59.6,61.15,0.15,+0.25%,32020
06/24/2002,59.65,61.45,58.75,61,0.8,+1.33%,21860
06/21/2002,60.5,61.5,59.2,60.2,0.8,+1.35%,47760
06/20/2002,58.75,61.3,58.2,59.4,0.65,+1.11%,17980
06/19/2002,59.55,62.35,58.2,58.75,-0.85,-1.43%,29900
06/18/2002,62.4,62.4,58.85,59.6,-2.85,-4.56%,14640
06/17/2002,60.55,62.45,58.5,62.45,2.5,+4.17%,13940
06/14/2002,55.2,60.25,54.25,59.95,2.75,+4.81%,38200
06/13/2002,59.8,59.85,57.15,57.2,-2.35,-3.95%,22120
06/12/2002,60.15,60.3,58.35,59.55,-0.55,-0.92%,36840
06/11/2002,60.05,61.25,60,60.1,0.1,+0.17%,21080
06/10/2002,61.05,61.95,59.25,60,-1.6,-2.60%,18980
06/07/2002,59.15,61.6,59.15,61.6,2.3,+3.88%,21440
06/06/2002,62.2,62.2,59,59.3,-2.15,-3.50%,24700
06/05/2002,61.15,62.25,60.55,61.45,0.1,+0.16%,21900
06/04/2002,61.9,61.9,60.55,61.35,-0.4,-0.65%,37720
06/03/2002,63.9,64.65,61.5,61.75,-2.35,-3.67%,24960
05/31/2002,64.25,65,63.85,64.1,0.25,+0.39%,16360
05/30/2002,63.3,65.25,63.25,63.85,0.6,+0.95%,29980
05/29/2002,64.2,64.65,63.25,63.25,-1.4,-2.17%,18680
05/28/2002,65.1,65.1,63.75,64.65,-0.6,-0.92%,18160
05/24/2002,65.5,65.5,64,65.25,-0.15,-0.23%,16240
05/23/2002,64.6,65.75,63.9,65.4,1.4,+2.19%,17000
05/22/2002,64.1,65.25,63.85,64,-0.05,-0.08%,38180
05/21/2002,65.55,66.05,64,64.05,-1.5,-2.29%,35020
05/20/2002,64.95,66.5,64.85,65.55,0.2,+0.31%,28180
05/17/2002,65.05,65.8,65,65.35,0.45,+0.69%,12040
05/16/2002,65.3,65.9,64.8,64.9,-1,-1.52%,20840
05/15/2002,65.1,65.9,65,65.9,0.7,+1.07%,34820
05/14/2002,65,65.8,64.9,65.2,0.25,+0.38%,47660
05/13/2002,64.75,65.5,64.5,64.95,0.35,+0.54%,21820
05/10/2002,65,65.4,64.3,64.6,-0.35,-0.54%,25820
05/09/2002,65.6,66.2,64.45,64.95,-0.85,-1.29%,39360
05/08/2002,65.25,66.1,64.9,65.8,0.95,+1.46%,27260
05/07/2002,64.75,66.25,64.75,64.85,-0.1,-0.15%,16140
05/06/2002,65.95,67,64.95,64.95,-0.4,-0.61%,38600
05/03/2002,65.65,67.25,64.95,65.35,-0.85,-1.28%,38980
05/02/2002,65.25,66.25,64.75,66.2,1.3,+2.00%,27980
05/01/2002,64.65,65.95,64.45,64.9,0.2,+0.31%,30880
04/30/2002,65.65,66.1,64.5,64.7,-1.2,-1.82%,42500
04/29/2002,64.4,66.2,63.95,65.9,1.7,+2.65%,20540
04/26/2002,63.95,65.05,63.95,64.2,0.2,+0.31%,9120
04/25/2002,65,65.3,63.95,64,-1,-1.54%,15200
04/24/2002,64.55,66.25,64.1,65,0.5,+0.78%,33580
04/23/2002,64.7,65.75,64.05,64.5,0.25,+0.39%,24320
04/22/2002,64.75,64.75,64.05,64.25,-0.3,-0.46%,16600
04/19/2002,65.2,66,64.5,64.55,-0.2,-0.31%,12020
04/18/2002,65.5,66,64.55,64.75,-0.6,-0.92%,26740
04/17/2002,66.95,67,65.2,65.35,-1.4,-2.10%,15660
04/16/2002,65.95,66.9,65.8,66.75,1.4,+2.14%,20520
04/15/2002,65.75,67,65.05,65.35,-0.4,-0.61%,14120
04/12/2002,65.1,66.5,64.5,65.75,1.4,+2.18%,35580
04/11/2002,65.7,66.35,64.35,64.35,-1.7,-2.57%,11380
04/10/2002,64.75,66.1,63.8,66.05,1.3,+2.01%,25980
04/09/2002,65.55,65.75,63.75,64.75,-1,-1.52%,22200
04/08/2002,64.2,66,62.75,65.75,1.75,+2.73%,10860
04/05/2002,64.35,65.7,63.75,64,-0.3,-0.47%,20500
04/04/2002,64.6,65.2,64.1,64.3,-0.15,-0.23%,12400
04/03/2002,65.3,65.75,64.35,64.45,-0.65,-1.00%,14420
04/02/2002,65,66.4,65,65.1,-0.05,-0.08%,22020
04/01/2002,65,65.5,64.15,65.15,0.6,+0.93%,14160
03/28/2002,65.75,66.35,64.35,64.55,-1.05,-1.60%,20240
03/27/2002,65.55,66.25,64.6,65.6,-0.15,-0.23%,11120
03/26/2002,64.85,66,64.8,65.75,1.4,+2.18%,10520
03/25/2002,65.25,65.25,64.25,64.35,-0.85,-1.30%,14020
03/22/2002,65.6,66.75,65.2,65.2,-0.45,-0.69%,11660
03/21/2002,65.05,65.65,64.25,65.65,0.9,+1.39%,19440
03/20/2002,65.4,65.5,64.25,64.75,-0.85,-1.30%,8640
03/19/2002,64.75,65.75,64.45,65.6,0.15,+0.23%,14900
03/18/2002,64.7,65.6,63.7,65.45,0.8,+1.24%,14000
03/15/2002,62.25,65.7,62.25,64.65,-0.05,-0.08%,39700
03/14/2002,65,65,64,64.7,-0.55,-0.84%,10460
03/13/2002,65.5,65.65,64.25,65.25,0.65,+1.01%,39180
03/12/2002,63.7,65.6,63.55,64.6,0.9,+1.41%,38320
03/11/2002,65.1,65.1,63,63.7,-0.6,-0.93%,12760
03/08/2002,64.75,65.25,64.25,64.3,-0.4,-0.62%,12900
03/07/2002,65.5,66,63.95,64.7,-0.85,-1.30%,16940
03/06/2002,65.55,66.15,64.3,65.55,-0.25,-0.38%,20780
03/05/2002,65,66,64.9,65.8,0.75,+1.15%,36560
03/04/2002,64.7,65.65,63.8,65.05,0.05,+0.08%,16940
03/01/2002,64.2,65,63.4,65,0.9,+1.40%,15440
02/28/2002,62.8,64.1,62.5,64.1,1.6,+2.56%,19640
02/27/2002,61.85,63.25,61.8,62.5,0.85,+1.38%,19940
02/26/2002,63.2,63.25,61.55,61.65,-1.3,-2.07%,14580
02/25/2002,63.7,63.75,62,62.95,-0.6,-0.94%,7920
02/22/2002,63.7,63.7,61.4,63.55,1.65,+2.67%,20820
02/21/2002,62.25,64.25,61.75,61.9,-1.05,-1.67%,20200
02/20/2002,61.75,63.55,61.7,62.95,1.6,+2.61%,33880
02/19/2002,63.45,63.45,60.75,61.35,-1.4,-2.23%,12600
02/15/2002,63.1,63.45,62.05,62.75,-0.35,-0.55%,27000
02/14/2002,63.85,64.45,62.75,63.1,-0.6,-0.94%,19360
02/13/2002,63.15,63.7,61,63.7,1.1,+1.76%,19740
02/12/2002,61.3,63.15,60,62.6,3.2,+5.39%,18940
02/11/2002,60.65,61.25,59.25,59.4,-1.4,-2.30%,11500
02/08/2002,59.55,61.2,58.3,60.8,1.45,+2.44%,19700
02/07/2002,60.65,61.25,57.5,59.35,-0.4,-0.67%,46960
02/06/2002,62.2,62.5,59.25,59.75,-2.05,-3.32%,29180
02/05/2002,61.75,62.95,59.6,61.8,-0.25,-0.40%,25300
02/04/2002,62.55,63.05,60.85,62.05,-0.6,-0.96%,21420
02/01/2002,63,64,62,62.65,-1.9,-2.94%,17780
01/31/2002,64.25,64.9,63.1,64.55,1.05,+1.65%,25940
01/30/2002,63.85,64.75,62.4,63.5,-0.85,-1.32%,35740
01/29/2002,64.6,65,64.1,64.35,-0.85,-1.30%,9180
01/28/2002,66.45,66.5,64.55,65.2,0.2,+0.31%,14540
01/25/2002,66,66.15,64.75,65,-0.95,-1.44%,13220
01/24/2002,64.35,66.25,64.35,65.95,0.75,+1.15%,10560
01/23/2002,65.75,65.75,63.7,65.2,0.2,+0.31%,48620
01/22/2002,65.25,65.75,64.15,65,-0.05,-0.08%,21060
01/18/2002,67.25,67.5,65.05,65.05,-1.95,-2.91%,66360
01/17/2002,65.65,67.5,65.25,67,0.65,+0.98%,13500
01/16/2002,65.85,66.5,65,66.35,0.45,+0.68%,29500
01/15/2002,65.15,65.9,64.25,65.9,0.5,+0.76%,8080
01/14/2002,64,65.4,63.7,65.4,1.45,+2.27%,16540
01/11/2002,64.95,65.45,63.9,63.95,-0.6,-0.93%,8500
01/10/2002,65.1,65.6,63.95,64.55,0.7,+1.10%,11400
01/09/2002,65.75,66.2,63.85,63.85,-2.15,-3.26%,17980
01/08/2002,64.95,66,63.7,66,1.15,+1.77%,12840
01/07/2002,66.5,66.75,64.4,64.85,-0.2,-0.31%,15740
01/04/2002,64.25,66.45,63.25,65.05,1.3,+2.04%,28300
01/03/2002,64.4,65.2,62.6,63.75,-1.15,-1.77%,45300
01/02/2002,66.25,66.75,62.95,64.9,2.05,+3.26%,24220
12/31/2001,65.75,67,62.85,62.85,-2.55,-3.90%,19980
12/28/2001,67.25,67.5,62.9,65.4,-1.75,-2.61%,16360
12/27/2001,66.1,67.2,65.6,67.15,0.45,+0.67%,18360
12/26/2001,65.55,66.9,62.55,66.7,1.2,+1.83%,16100
12/24/2001,63.75,66.2,63.35,65.5,1.5,+2.34%,12060
12/21/2001,60.8,64,60.75,64,3.35,+5.52%,76500
12/20/2001,62,62.5,60.65,60.65,0.05,+0.08%,27440
12/19/2001,60.9,62,60.5,60.6,-1.4,-2.26%,19340
12/18/2001,60.8,62.5,60.7,62,-0.25,-0.40%,33720
12/17/2001,59.75,62.25,59.75,62.25,2,+3.32%,36740
12/14/2001,59.35,60.25,59.3,60.25,0.7,+1.18%,16620
12/13/2001,59.75,61.7,59.3,59.55,-0.4,-0.67%,19660
12/12/2001,61,61,59.5,59.95,-1.3,-2.12%,18440
12/11/2001,60.1,61.4,59.75,61.25,1.35,+2.25%,11820
12/10/2001,61.5,61.95,59.75,59.9,-1.25,-2.04%,8080
12/07/2001,62.45,62.5,60.5,61.15,-1.3,-2.08%,13340
12/06/2001,61.25,62.5,60.35,62.45,1.45,+2.38%,8920
12/05/2001,60.6,61.25,59.75,61,0.4,+0.66%,10300
12/04/2001,59.35,60.6,59.35,60.6,1.25,+2.11%,15620
12/03/2001,60.25,60.8,59.35,59.35,-1.45,-2.38%,21260
11/30/2001,60.05,60.85,59.7,60.8,0.2,+0.33%,20040
11/29/2001,59.3,60.6,58.3,60.6,2.35,+4.03%,15580
11/28/2001,59.85,59.9,58.1,58.25,-1.2,-2.02%,11680
11/27/2001,59.9,60.05,58.5,59.45,-0.45,-0.75%,14580
11/26/2001,59.75,60.35,59.2,59.9,0.35,+0.59%,14080
11/23/2001,58.4,60,58,59.55,1.25,+2.14%,6680
11/21/2001,58.65,58.65,57.9,58.3,-0.15,-0.26%,12440
11/20/2001,59.05,59.05,57.5,58.45,-0.6,-1.02%,17160
11/19/2001,57.85,59.05,57.25,59.05,1.25,+2.16%,11640
11/16/2001,57.15,58.7,57.1,57.8,0.3,+0.52%,13680
11/15/2001,58.5,59.05,56.55,57.5,-1.3,-2.21%,32080
11/14/2001,59.95,59.95,58.15,58.8,-0.45,-0.76%,20720
11/13/2001,58.1,60.2,58.1,59.25,-0.9,-1.50%,19480
11/12/2001,58.55,60.15,56.3,60.15,1.85,+3.17%,4520
11/09/2001,59.85,59.85,57.5,58.3,-0.45,-0.77%,8680
11/08/2001,58.3,60,56.55,58.75,0,0.00%,14060
11/07/2001,58.2,59.55,58,58.75,0.2,+0.34%,15540
11/06/2001,58.7,58.75,57.55,58.55,0.25,+0.43%,18980
11/05/2001,59.7,60.25,58.25,58.3,-1,-1.69%,10380
11/02/2001,59.5,60.25,59.2,59.3,-0.2,-0.34%,8180
11/01/2001,60.4,60.85,59.1,59.5,-0.1,-0.17%,8120
10/31/2001,59.25,60.95,59.25,59.6,-0.4,-0.67%,24680
10/30/2001,60.25,60.3,58.25,60,0.65,+1.10%,8260
10/29/2001,59.8,60.45,59.3,59.35,-0.9,-1.49%,8320
10/26/2001,60.2,60.6,60,60.25,-0.35,-0.58%,16860
10/25/2001,60.9,60.9,60.05,60.6,0.05,+0.08%,22760
10/24/2001,60.75,60.8,60.1,60.55,0.3,+0.50%,16920
10/23/2001,60.3,62,60,60.25,-0.2,-0.33%,39860
10/22/2001,62.25,62.25,60.1,60.45,-0.8,-1.31%,18320
10/19/2001,60.75,62.35,60.05,61.25,0.5,+0.82%,53740
10/18/2001,60.95,61.95,59.5,60.75,1,+1.67%,14660
10/17/2001,61,64.25,58.6,59.75,-7.75,-11.48%,23600
10/16/2001,68,68.95,65.95,67.5,0.3,+0.45%,43280
10/15/2001,67.75,68.4,66.25,67.2,0.65,+0.98%,31740
10/12/2001,67.5,68,66.25,66.55,-1.2,-1.77%,18520
10/11/2001,68.1,69,67.25,67.75,0.25,+0.37%,10200
10/10/2001,68,69.7,66.9,67.5,0.85,+1.28%,22580
10/09/2001,70.45,70.45,66.5,66.65,-2.7,-3.89%,11340
10/08/2001,71.35,72.1,69.35,69.35,-1.9,-2.67%,6820
10/05/2001,69.5,71.25,66.95,71.25,2.4,+3.49%,9100
10/04/2001,75.5,75.75,68.85,68.85,-6.1,-8.14%,18640
10/03/2001,70,75,69.25,74.95,4.95,+7.07%,26080
10/02/2001,66.3,70,66.3,70,3.45,+5.18%,15860
10/01/2001,70.2,71.15,66.5,66.55,-2.15,-3.13%,19240
09/28/2001,68.45,70,68.05,68.7,0.2,+0.29%,15000
09/27/2001,68.05,69.1,66.5,68.5,0.45,+0.66%,8240
09/26/2001,67.25,68.75,66.45,68.05,1.6,+2.41%,9840
09/25/2001,65.8,67.45,65.05,66.45,0.2,+0.30%,8240
09/24/2001,66.7,69.25,64.75,66.25,1.75,+2.71%,24340
09/21/2001,63.25,66.25,62.95,64.5,-0.8,-1.23%,29500
09/20/2001,66.5,69.5,64.6,65.3,-0.7,-1.06%,11980
09/19/2001,64.75,67,64.75,66,0.5,+0.76%,14880
09/18/2001,64.55,66.5,64.55,65.5,0.5,+0.77%,5340
09/17/2001,66.4,67.85,64.2,65,-1.25,-1.89%,11720
09/10/2001,67.75,67.75,65.75,66.25,-1.15,-1.71%,10300
09/07/2001,67.3,68.25,66.25,67.4,0.4,+0.60%,12820
09/06/2001,68,70,67,67,-1,-1.47%,11600
09/05/2001,68.75,69,67.5,68,-1.25,-1.81%,13700
09/04/2001,69.5,70.1,68.8,69.25,0.75,+1.09%,55580
08/31/2001,67,69.25,66.5,68.5,0.7,+1.03%,22560
08/30/2001,68,69.5,65.55,67.8,-1.95,-2.80%,13600
08/29/2001,67.5,69.8,65.5,69.75,4,+6.08%,19020
08/28/2001,67,67.85,65.5,65.75,0.25,+0.38%,8060
08/27/2001,65.75,68.2,65.25,65.5,-0.5,-0.76%,14620
08/24/2001,65.75,67.25,65,66,0.65,+0.99%,7380
08/23/2001,67.7,68,65.35,65.35,-2.35,-3.47%,17980
08/22/2001,66.75,67.7,66.05,67.7,2.2,+3.36%,14260
08/21/2001,66.75,68.9,65.5,65.5,-1.25,-1.87%,15840
08/20/2001,67.85,67.85,66.45,66.75,-0.35,-0.52%,12180
08/17/2001,67.75,68,66.85,67.1,-0.7,-1.03%,6800
08/16/2001,68.85,68.9,66.75,67.8,-0.2,-0.29%,14220
08/15/2001,68.75,68.9,66.3,68,1.05,+1.57%,15960
08/14/2001,67.5,67.95,66.95,66.95,0.3,+0.45%,23240
08/13/2001,69.15,69.15,66.55,66.65,-1.05,-1.55%,13380
08/10/2001,68.05,68.95,66.25,67.7,-1.25,-1.81%,14480
08/09/2001,69,69,65.3,68.95,1.65,+2.45%,6240
08/08/2001,69,69.15,66.25,67.3,-1.2,-1.75%,15120
08/07/2001,69.25,69.8,66.65,68.5,1,+1.48%,8560
08/06/2001,68.55,71.25,67.5,67.5,-1.6,-2.32%,10020
08/03/2001,66.45,70.95,65,69.1,0.4,+0.58%,16940
08/02/2001,66.05,70,65.85,68.7,1.7,+2.54%,11560
08/01/2001,65.05,67.15,65.05,67,1,+1.52%,9360
07/31/2001,64.9,66,64,66,1.1,+1.69%,15740
07/30/2001,64.55,65.05,64.05,64.9,0.15,+0.23%,9540
07/27/2001,64.85,65.25,64.1,64.75,0.2,+0.31%,17820
07/26/2001,61.35,65.15,61.35,64.55,2.15,+3.45%,10480
07/25/2001,61.5,62.4,61.1,62.4,0.95,+1.55%,3980
07/24/2001,63.25,63.25,60.3,61.45,-1.55,-2.46%,19100
07/23/2001,64.65,64.65,62,63,-2,-3.08%,9040
07/20/2001,63.2,65,63.2,65,1.75,+2.77%,4360
07/19/2001,63.5,64.5,61.75,63.25,0,0.00%,7380
07/18/2001,64.5,64.85,63.1,63.25,-0.75,-1.17%,7940
07/17/2001,65,65,62.5,64,-0.75,-1.16%,8880
07/16/2001,63.7,64.75,63.05,64.75,1.7,+2.70%,12360
07/13/2001,62,63.7,62,63.05,0.8,+1.29%,12960
07/12/2001,62.15,63,62.15,62.25,0.05,+0.08%,15920
07/11/2001,61.8,62.5,60.25,62.2,1.6,+2.64%,13700
07/10/2001,61.25,62.75,60.5,60.6,-0.65,-1.06%,8460
07/09/2001,60.6,62.5,60.4,61.25,0.75,+1.24%,10020
07/06/2001,61.55,62.2,60.5,60.5,-1,-1.63%,5200
07/05/2001,63.2,63.2,60.5,61.5,-1.3,-2.07%,7100
07/03/2001,60.3,64.25,59.7,62.8,1.55,+2.53%,15280
07/02/2001,65.5,65.85,59.65,61.25,-5.5,-8.24%,33820
06/29/2001,61.7,67.5,61,66.75,5.5,+8.98%,39680
06/28/2001,61.95,62.5,59.75,61.25,0.05,+0.08%,10660
06/27/2001,59.5,61.9,59.25,61.2,2,+3.38%,12700
06/26/2001,56.15,59.25,55.8,59.2,3,+5.34%,11380
06/25/2001,58.9,58.9,55.8,56.2,-2.55,-4.34%,17500
06/22/2001,57.55,59,57.5,58.75,2,+3.52%,11300
06/21/2001,57.3,59.35,56.75,56.75,-1.75,-2.99%,11200
06/20/2001,58,58.5,56.55,58.5,0.95,+1.65%,20880
06/19/2001,58.05,58.95,57.5,57.55,0.9,+1.59%,10900
06/18/2001,57.5,58.95,56.65,56.65,-1.35,-2.33%,9980
06/15/2001,56.5,58.15,56.25,58,1.2,+2.11%,24440
06/14/2001,57.25,57.25,56.4,56.8,-0.7,-1.22%,9500
06/13/2001,57.65,58.2,57.5,57.5,-0.15,-0.26%,6660
06/12/2001,58.15,58.15,57.25,57.65,-0.05,-0.09%,13720
06/11/2001,58.7,59.2,57.65,57.7,-0.8,-1.37%,7160
06/08/2001,59.8,60.15,58.5,58.5,-1.3,-2.17%,13720
06/07/2001,60,60,59.3,59.8,-0.2,-0.33%,7680
06/06/2001,61.45,61.45,59.45,60,-1.35,-2.20%,19540
06/05/2001,60.5,61.35,60.5,61.35,0.6,+0.99%,14880
06/04/2001,59.2,60.9,59,60.75,1.25,+2.10%,6540
06/01/2001,59.25,59.5,58.65,59.5,0.25,+0.42%,24460
05/31/2001,59.25,60.25,58.75,59.25,0.05,+0.08%,37640
05/30/2001,59.45,60.45,59.2,59.2,-0.8,-1.33%,12980
05/29/2001,60.95,61.15,59.75,60,-0.4,-0.66%,9880
05/25/2001,60.55,61.5,60.4,60.4,0.05,+0.08%,5700
05/24/2001,60.85,60.85,60.1,60.35,-0.5,-0.82%,14420
05/23/2001,61.65,61.65,60,60.85,-0.8,-1.30%,16460
05/22/2001,61.05,61.75,60.9,61.65,0.1,+0.16%,8380
05/21/2001,60.3,61.75,60.25,61.55,1.05,+1.74%,13760
05/18/2001,60.35,61.05,60.1,60.5,-0.5,-0.82%,27860
05/17/2001,61.8,61.8,59.6,61,-0.1,-0.16%,12640
05/16/2001,61.9,61.9,61,61.1,-0.5,-0.81%,12820
05/15/2001,61,61.85,61,61.6,0.35,+0.57%,5920
05/14/2001,61.35,61.85,60.95,61.25,0.2,+0.33%,4300
05/11/2001,60.6,61.25,60.5,61.05,0.55,+0.91%,17120
05/10/2001,60.25,61.2,60,60.5,0,0.00%,8800
05/09/2001,60.25,60.65,59.5,60.5,-0.05,-0.08%,13320
05/08/2001,60.3,61.2,59.55,60.55,0.3,+0.50%,9840
05/07/2001,61.05,61.05,60,60.25,-0.95,-1.55%,4160
05/04/2001,60.05,61.25,60,61.2,1.15,+1.92%,30300
05/03/2001,61,61,59.3,60.05,-1.15,-1.88%,5080
05/02/2001,60.65,61.2,59.3,61.2,0.75,+1.24%,6860
05/01/2001,61,61.25,59.6,60.45,-0.8,-1.31%,4860
04/30/2001,60.55,61.35,60,61.25,0,0.00%,8720
04/27/2001,59.75,61.4,59.75,61.25,-0.05,-0.08%,10820
04/26/2001,60.75,61.55,60.6,61.3,0.8,+1.32%,10740
04/25/2001,60.4,61.2,58.75,60.5,0.5,+0.83%,8160
04/24/2001,61,61,58.05,60,-0.4,-0.66%,8840
04/23/2001,61.55,61.55,60,60.4,0.1,+0.17%,8020
04/20/2001,61.5,61.5,59,60.3,-1.15,-1.87%,8620
04/19/2001,61.25,62,61.25,61.45,-0.55,-0.89%,7100
04/18/2001,63.5,63.5,60.8,62,-1.5,-2.36%,7820
04/17/2001,64.25,64.25,62.5,63.5,0.5,+0.79%,3940
04/16/2001,63.5,64,62.5,63,-0.5,-0.79%,2940
04/12/2001,65,65,61.65,63.5,-1,-1.55%,5880
04/11/2001,62.25,65,62.1,64.5,1.7,+2.71%,8080
04/10/2001,62.8,66.25,60.5,62.8,-0.95,-1.49%,12840
04/09/2001,63.65,63.75,61.5,63.75,1.25,+2.00%,4640
04/06/2001,63.15,63.75,62.5,62.5,-0.95,-1.50%,4640
04/05/2001,62.5,63.45,60.65,63.45,2.2,+3.59%,10520
04/04/2001,60.65,62.2,60.65,61.25,1.25,+2.08%,5920
04/03/2001,63.15,65,60,60,-4.7,-7.26%,15920
04/02/2001,64.4,67.5,60,64.7,0.3,+0.47%,21580
03/30/2001,59.4,66.9,58.45,64.4,5.35,+9.06%,47180
03/29/2001,57.05,59.05,56.25,59.05,1.85,+3.23%,15520
03/28/2001,56.4,57.5,55.65,57.2,-0.6,-1.04%,13660
03/27/2001,57.5,57.8,55,57.8,1.55,+2.76%,18060
03/26/2001,57.8,59.4,56.25,56.25,-2.5,-4.26%,10460
03/23/2001,59.7,59.7,57.5,58.75,0.3,+0.51%,7960
03/22/2001,58.15,60,57.5,58.45,0.3,+0.52%,20560
03/21/2001,57.8,59.05,56.9,58.15,0.95,+1.66%,12180
03/20/2001,59.7,60.3,56.9,57.2,-2.8,-4.67%,20360
03/19/2001,56.25,60.3,55.95,60,4.7,+8.50%,14040
03/16/2001,60.15,60.15,55.3,55.3,-3.75,-6.35%,22260
03/15/2001,59.7,60,58.75,59.05,-0.65,-1.09%,6660
03/14/2001,58.75,60,56.25,59.7,0.65,+1.10%,8920
03/13/2001,57.5,59.7,56.25,59.05,0.3,+0.51%,15260
03/12/2001,61.25,61.25,58.6,58.75,-0.65,-1.09%,5360
03/09/2001,60.3,60.65,58.75,59.4,0.65,+1.11%,4620
03/08/2001,61.9,62.5,57.8,58.75,-3.75,-6.00%,8860
03/07/2001,60.95,63.75,60.3,62.5,0.6,+0.97%,5280
03/06/2001,61.9,63.15,60.65,61.9,0,0.00%,11460
03/05/2001,62.8,63.15,60.65,61.9,-0.75,-1.20%,6500
03/02/2001,61.25,62.8,61.1,62.65,1.4,+2.29%,6520
03/01/2001,61.9,63.15,60,61.25,-0.65,-1.05%,7440
02/28/2001,63.45,64.7,61.25,61.9,-1.85,-2.90%,12740
02/27/2001,63.75,64.7,62.8,63.75,0,0.00%,3820
02/26/2001,65.3,65.65,62.5,63.75,-1.25,-1.92%,5900
02/23/2001,61.9,65.95,58.15,65,2.8,+4.50%,18920
02/22/2001,64.7,64.7,61.9,62.2,-0.95,-1.50%,6380
02/21/2001,64.7,65.3,63.15,63.15,-2.15,-3.29%,10180
02/20/2001,65.95,68.15,64.7,65.3,-0.65,-0.99%,6600
02/16/2001,68.15,69.4,64.7,65.95,-2.8,-4.07%,14220
02/15/2001,67.5,68.75,66.55,68.75,0,0.00%,9000
02/14/2001,66.9,68.75,66.1,68.75,2.2,+3.31%,12680
02/13/2001,66.9,69.7,66.55,66.55,-0.65,-0.97%,45220
02/12/2001,64.05,68.15,62.8,67.2,4.05,+6.41%,22660
02/09/2001,65.3,65.3,62.8,63.15,-2.5,-3.81%,7020
02/08/2001,66.25,66.25,63.15,65.65,-1.85,-2.74%,19780
02/07/2001,62.95,67.5,62.8,67.5,3.45,+5.39%,12080
02/06/2001,63.75,64.05,62.5,64.05,0.6,+0.95%,4300
02/05/2001,61.9,63.75,61.55,63.45,0.95,+1.52%,9940
02/02/2001,63.75,63.75,61.9,62.5,0.3,+0.48%,4700
02/01/2001,63.15,64.7,61.55,62.2,-1.55,-2.43%,5640
01/31/2001,63.75,64.7,62.5,63.75,0.6,+0.95%,15600
01/30/2001,64.05,65,61.9,63.15,-1.25,-1.94%,14340
01/29/2001,63.75,65,62.8,64.4,1.6,+2.55%,18740
01/26/2001,64.4,65,62.2,62.8,-2.2,-3.38%,16360
01/25/2001,65.3,65.65,64.4,65,-1.25,-1.89%,8840
01/24/2001,65,67.2,65,66.25,-0.95,-1.41%,62620
01/23/2001,65.65,67.5,64.7,67.2,-0.3,-0.44%,20180
01/22/2001,63.75,67.8,63.75,67.5,3.75,+5.88%,78580
01/19/2001,64.05,65.3,62.8,63.75,-1.9,-2.89%,105800
01/18/2001,61.9,66.25,61.9,65.65,3.15,+5.04%,42840
01/17/2001,61.55,65.65,60.65,62.5,0.95,+1.54%,42320
01/16/2001,60.3,62.5,58.75,61.55,1.25,+2.07%,16620
01/12/2001,58.75,61.25,58.75,60.3,-0.65,-1.07%,15180
01/11/2001,60.3,61.25,58.75,60.95,0.95,+1.58%,11520
01/10/2001,58.15,61.25,56.9,60,2.8,+4.90%,20640
01/09/2001,58.45,60,56.9,57.2,-0.95,-1.63%,13120
01/08/2001,58.45,60,56.55,58.15,-0.9,-1.52%,13200
01/05/2001,63.75,64.2,57.65,59.05,-3.45,-5.52%,33280
01/04/2001,65,65,60.65,62.5,-1.9,-2.95%,28520
01/03/2001,59.4,64.4,58.45,64.4,5.35,+9.06%,21280
01/02/2001,64.4,65,57.8,59.05,-1.9,-3.12%,22280
12/29/2000,60.65,65.3,60.65,60.95,-0.3,-0.49%,21760
12/28/2000,60.3,62.5,59.7,61.25,0.95,+1.58%,21680
12/27/2000,61.25,61.9,59.4,60.3,0.9,+1.52%,24680
12/26/2000,60.65,63.75,59.4,59.4,-3.1,-4.96%,22200
12/22/2000,59.7,62.5,59.05,62.5,2.2,+3.65%,24480
12/21/2000,60,60.65,59.4,60.3,0,0.00%,54600
12/20/2000,60,62.2,58.45,60.3,0,0.00%,25480
12/19/2000,60.8,61.9,59.4,60.3,-1.25,-2.03%,25380
12/18/2000,60,62.5,59.7,61.55,1.55,+2.58%,21020
12/15/2000,57.5,60,57.5,60,0.3,+0.50%,28840
12/14/2000,60,60.3,58.75,59.7,0,0.00%,143740
12/13/2000,58.75,60,56.9,59.7,2.5,+4.37%,13320
12/12/2000,58.75,60,56.25,57.2,-0.3,-0.52%,34060
12/11/2000,57.8,58.75,56.25,57.5,-1.25,-2.13%,15780
12/08/2000,55.8,58.75,55.8,58.75,4.35,+8.00%,12940
12/07/2000,56.55,57.2,53.15,54.4,-2.15,-3.80%,16960
12/06/2000,56.25,57.2,55.65,56.55,0.3,+0.53%,23440
12/05/2000,53.15,56.9,53.15,56.25,2.5,+4.65%,14120
12/04/2000,52.5,55.65,52.2,53.75,-0.65,-1.19%,16020
12/01/2000,53.75,54.4,51.9,54.4,3.15,+6.15%,15020
11/30/2000,54.7,55.65,51.25,51.25,-3.45,-6.31%,14780
11/29/2000,53.75,55.65,51.9,54.7,0.95,+1.77%,12580
11/28/2000,56.25,57.2,53.75,53.75,-1.9,-3.41%,8300
11/27/2000,57.05,57.2,54.4,55.65,-1.55,-2.71%,6660
11/24/2000,55.65,57.5,54.7,57.2,1.55,+2.79%,6100
11/22/2000,55.3,55.95,53.75,55.65,-0.3,-0.54%,5540
11/21/2000,57.5,57.5,55,55.95,0.3,+0.54%,4600
11/20/2000,56.7,57.5,54.7,55.65,-1.25,-2.20%,4500
11/17/2000,56.9,57.5,54.4,56.9,2.5,+4.60%,7440
11/16/2000,57.5,57.5,54.4,54.4,-1.85,-3.29%,9340
11/15/2000,56.9,59.05,55.95,56.25,-2.2,-3.76%,11880
11/14/2000,59.4,59.4,56.9,58.45,-1.25,-2.09%,4460
11/13/2000,58.45,60,56.9,59.7,1.25,+2.14%,8200
11/10/2000,57.8,58.75,55.95,58.45,0.3,+0.52%,6100
11/09/2000,58.75,58.75,55.65,58.15,-0.6,-1.02%,8800
11/08/2000,58.45,60,58.45,58.75,-0.95,-1.59%,17180
11/07/2000,59.7,60,58.45,59.7,0,0.00%,11380
11/06/2000,59.4,60,58.15,59.7,0.3,+0.51%,13280
11/03/2000,59.4,59.4,54.05,59.4,0.35,+0.59%,11660
11/02/2000,59.7,60.65,57.5,59.05,-1.25,-2.07%,10220
11/01/2000,60.15,60.3,59.7,60.3,0.3,+0.50%,31100
10/31/2000,57.5,60.3,56.9,60,2.5,+4.35%,44540
10/30/2000,57.2,58.15,56.55,57.5,2.5,+4.55%,12200
10/27/2000,56.55,57.5,55,55,-0.3,-0.54%,7000
10/26/2000,56.55,56.55,54.4,55.3,-1.25,-2.21%,7400
10/25/2000,55.3,56.55,55,56.55,0,0.00%,10000
10/24/2000,56.55,56.55,55,56.55,0,0.00%,5300
10/23/2000,57.2,57.2,55.3,56.55,-0.65,-1.14%,4880
10/20/2000,53.75,57.2,53.15,57.2,3.75,+7.02%,11760
10/19/2000,55.65,59.05,48.75,53.45,-2.5,-4.47%,18360
10/18/2000,55.65,56.55,52.8,55.95,-6.25,-10.05%,13880
10/17/2000,62.2,62.8,61.25,62.2,0.3,+0.48%,22200
10/16/2000,61.55,62.8,61.25,61.9,0.65,+1.06%,14400
10/13/2000,60.65,61.55,60,61.25,1.55,+2.60%,8040
10/12/2000,60.95,60.95,59.7,59.7,-0.95,-1.57%,23360
10/11/2000,60.95,61.25,60.65,60.65,-0.3,-0.49%,10760
10/10/2000,61.1,61.55,60,60.95,-0.6,-0.97%,9680
10/09/2000,61.55,61.55,60.65,61.55,-0.35,-0.57%,5700
10/06/2000,62.2,62.5,61.9,61.9,-0.6,-0.96%,3380
10/05/2000,62.5,62.8,61.55,62.5,0.95,+1.54%,5920
10/04/2000,61.25,62.8,61.25,61.55,0.3,+0.49%,8100
10/03/2000,62.2,63.15,61.25,61.25,0.6,+0.99%,9460
10/02/2000,62.5,63.75,60.65,60.65,-0.9,-1.46%,14180
09/29/2000,62.8,63.15,60.65,61.55,-1.25,-1.99%,14940
09/28/2000,61.55,62.8,60.95,62.8,1.55,+2.53%,7320
09/27/2000,62.05,63.15,61.25,61.25,-0.3,-0.49%,13740
09/26/2000,63.15,63.15,60.65,61.55,0,0.00%,8380
09/25/2000,62.5,63.75,61.55,61.55,-0.35,-0.57%,19840
09/22/2000,61.55,62.8,61.25,61.9,-0.9,-1.43%,5680
09/21/2000,62.8,63.15,61.55,62.8,0.3,+0.48%,10020
09/20/2000,62.2,63.15,61.9,62.5,0,0.00%,14980
09/19/2000,62.2,62.65,61.55,62.5,0.95,+1.54%,14920
09/18/2000,61.55,62.2,61.25,61.55,-0.35,-0.57%,8200
09/15/2000,60.3,62.2,60.15,61.9,0.65,+1.06%,11680
09/14/2000,62.35,62.8,61.25,61.25,-0.95,-1.53%,5200
09/13/2000,62.8,62.8,61.25,62.2,0.3,+0.48%,12540
09/12/2000,61.25,63.15,61.25,61.9,0.35,+0.57%,7760
09/11/2000,61.55,62.2,60.65,61.55,-0.65,-1.05%,9980
09/08/2000,61.9,62.2,60,62.2,-0.6,-0.96%,5260
09/07/2000,63.6,63.6,60.65,62.8,0.3,+0.48%,7040
09/06/2000,63.45,63.75,60.95,62.5,-1.25,-1.96%,21200
09/05/2000,63.45,64.4,62.5,63.75,0.3,+0.47%,10320
09/01/2000,65,65,62.8,63.45,-0.95,-1.48%,6620
08/31/2000,63.75,65,63.15,64.4,0.65,+1.02%,7440
08/30/2000,63.75,63.75,61.25,63.75,0,0.00%,8140
08/29/2000,62.5,63.75,60.95,63.75,1.25,+2.00%,3420
08/28/2000,61.9,63.15,60.65,62.5,0,0.00%,4020
08/25/2000,62.5,62.5,60.95,62.5,0.3,+0.48%,3200
08/24/2000,61.55,62.2,60.65,62.2,0.3,+0.48%,3680
08/23/2000,60.3,62.2,60,61.9,1.6,+2.65%,11180
08/22/2000,61.9,63.15,60.3,60.3,-0.35,-0.58%,8840
08/21/2000,61.25,61.9,60,60.65,0.65,+1.08%,4260
08/18/2000,63.15,63.45,58.75,60,-3.15,-4.99%,10140
08/17/2000,61.55,63.45,60.65,63.15,2.2,+3.61%,23080
08/16/2000,60.65,61.9,58.75,60.95,0.3,+0.49%,16320
08/15/2000,60,61.55,59.7,60.65,-0.3,-0.49%,8520
08/14/2000,61.1,61.9,60.65,60.95,0.3,+0.49%,17060
08/11/2000,60.65,61.55,60,60.65,0,0.00%,6760
08/10/2000,61.9,61.9,60.65,60.65,-0.6,-0.98%,10400
08/09/2000,63.15,63.45,60.65,61.25,0.3,+0.49%,29080
08/08/2000,62.2,63.75,60.95,60.95,-2.2,-3.48%,10700
08/07/2000,60.95,63.45,60.95,63.15,1.25,+2.02%,4740
08/04/2000,61.55,62.8,61.25,61.9,-1.85,-2.90%,3400
08/03/2000,61.9,63.75,61.9,63.75,1.85,+2.99%,6100
08/02/2000,61.55,62.5,61.25,61.9,0.65,+1.06%,9160
08/01/2000,60.3,61.9,60.3,61.25,0.6,+0.99%,3360
07/31/2000,58.75,61.25,57.8,60.65,1.9,+3.23%,13240
07/28/2000,62.5,64.7,58.75,58.75,-3.15,-5.09%,9540
07/27/2000,63.45,63.45,61.9,61.9,-0.6,-0.96%,9400
07/26/2000,60.3,64.05,60.3,62.5,1.25,+2.04%,9760
07/25/2000,61.55,62.5,60,61.25,-0.3,-0.49%,3720
07/24/2000,61.9,63.15,60,61.55,-0.65,-1.05%,8560
07/21/2000,64.55,65,62.2,62.2,-2.8,-4.31%,5280
07/20/2000,61.55,65,61.55,65,2.5,+4.00%,3120
07/19/2000,62.5,63.15,60,62.5,0,0.00%,14560
07/18/2000,61.9,62.8,61.55,62.5,-0.3,-0.48%,10220
07/17/2000,60.65,63.15,60.65,62.8,-0.35,-0.55%,5800
07/14/2000,60.95,63.75,60.65,63.15,1.25,+2.02%,5640
07/13/2000,62.5,62.5,60.95,61.9,-2.8,-4.33%,12600
07/12/2000,61.25,65,60,64.7,5,+8.38%,12420
07/11/2000,61.55,62.2,59.4,59.7,-1.55,-2.53%,6940
07/10/2000,65,65.3,60,61.25,-3.75,-5.77%,12800
07/07/2000,62.5,65,60,65,2.5,+4.00%,13720
07/06/2000,61.55,63.15,58.75,62.5,4.35,+7.48%,10740
07/05/2000,58.15,64.4,57.5,58.15,2.5,+4.49%,25340
07/03/2000,60.65,61.9,55.65,55.65,-6.85,-10.96%,11280
06/30/2000,63.15,63.75,57.2,62.5,0,0.00%,14320
06/29/2000,58.6,63.75,58.6,62.5,-1.25,-1.96%,24200
06/28/2000,58.45,63.75,57.5,63.75,6.85,+12.04%,28500
06/27/2000,54.4,58.45,54.05,56.9,1.25,+2.25%,20460
06/26/2000,53.75,55.95,52.5,55.65,1.25,+2.30%,13640
06/23/2000,54.05,55,53.75,54.4,0.65,+1.21%,10320
06/22/2000,54.4,55.65,53.75,53.75,-0.65,-1.19%,14740
06/21/2000,55.65,56.55,53.75,54.4,-2.5,-4.39%,11540
06/20/2000,57.35,58.15,55.3,56.9,-0.6,-1.04%,7360
06/19/2000,55.65,57.5,54.7,57.5,3.75,+6.98%,12780
06/16/2000,56.55,56.9,53.75,53.75,-3.15,-5.54%,36040
06/15/2000,56.25,58.15,55,56.9,0.35,+0.62%,6280
06/14/2000,56.55,57.8,56.25,56.55,-2.2,-3.74%,9880
06/13/2000,55.65,58.75,55,58.75,3.45,+6.24%,10480
06/12/2000,57.35,59.4,55.3,55.3,-1.9,-3.32%,8200
06/09/2000,59.7,60,56.9,57.2,-2.5,-4.19%,13260
06/08/2000,60.65,60.65,59.7,59.7,-2.2,-3.55%,1800
06/07/2000,58.15,61.9,57.8,61.9,3.75,+6.45%,9240
06/06/2000,61.25,61.9,56.55,58.15,-3.1,-5.06%,7940
06/05/2000,59.7,63.75,59.7,61.25,0.95,+1.58%,9080
06/02/2000,60.3,62.5,60.3,60.3,-1.9,-3.05%,18100
06/01/2000,59.7,62.5,57.8,62.2,0.95,+1.55%,7540
05/31/2000,60,62.5,58.15,61.25,1.25,+2.08%,14480
05/30/2000,56.7,60,56.25,60,2.5,+4.35%,10980
05/26/2000,59.4,59.4,56.25,57.5,0.6,+1.05%,12140
05/25/2000,59.05,61.55,56.25,56.9,-2.8,-4.69%,7840
05/24/2000,55.95,59.7,55.65,59.7,4.05,+7.28%,14560
05/23/2000,56.9,58.45,55.65,55.65,-1.85,-3.22%,15360
05/22/2000,56.55,57.5,55,57.5,0.3,+0.52%,8800
05/19/2000,58.45,58.45,57.2,57.2,-0.95,-1.63%,2940
05/18/2000,58.9,59.4,57.5,58.15,-1.25,-2.10%,9120
05/17/2000,59.4,61.9,58.75,59.4,-1.85,-3.02%,9240
05/16/2000,59.05,61.25,59.05,61.25,-0.65,-1.05%,5220
05/15/2000,61.55,61.9,56.9,61.9,0.35,+0.57%,15260
05/12/2000,60.65,63.15,60.65,61.55,0.3,+0.49%,21660
05/11/2000,59.7,61.25,59.7,61.25,1.85,+3.11%,10020
05/10/2000,60,60,59.4,59.4,-0.6,-1.00%,12480
05/09/2000,60,60.65,59.4,60,0.3,+0.50%,15920
05/08/2000,58.45,60,58.45,59.7,-0.3,-0.50%,11580
05/05/2000,59.4,60,58.45,60,1.25,+2.13%,9860
05/04/2000,56.9,58.75,56.9,58.75,1.25,+2.17%,2600
05/03/2000,56.55,59.05,56.55,57.5,1.1,+1.95%,6880
05/02/2000,57.5,60.3,56.25,56.4,-3.6,-6.00%,9500
05/01/2000,57.5,60.65,57.5,60,0.3,+0.50%,16140
04/28/2000,55.95,59.7,55.65,59.7,1.25,+2.14%,13720
04/27/2000,55.95,58.45,53.75,58.45,1.4,+2.45%,13620
04/26/2000,55.95,57.2,55.8,57.05,1.4,+2.52%,12160
04/25/2000,54.85,55.65,54.4,55.65,2.5,+4.70%,10160
04/24/2000,55.95,57.2,52.2,53.15,-2.5,-4.49%,19120
04/20/2000,59.4,59.4,55,55.65,-1.55,-2.71%,10740
04/19/2000,57.8,58.75,56.55,57.2,-0.3,-0.52%,5760
04/18/2000,57.2,58.15,55,57.5,0,0.00%,13860
04/17/2000,59.05,60,56.9,57.5,-2.2,-3.69%,13880
04/14/2000,59.4,60,57.5,59.7,0,0.00%,16800
04/13/2000,59.05,60,57.8,59.7,0.95,+1.62%,8440
04/12/2000,57.8,60,57.8,58.75,0.3,+0.51%,8360
04/11/2000,59.05,59.4,57.5,58.45,-0.6,-1.02%,14240
04/10/2000,59.85,60.65,58.75,59.05,-0.65,-1.09%,9720
04/07/2000,59.55,60,59.4,59.7,-0.95,-1.57%,9640
04/06/2000,61.25,61.9,60,60.65,-0.9,-1.46%,7300
04/05/2000,59.4,61.9,58.75,61.55,-0.95,-1.52%,9860
04/04/2000,61.25,62.5,57.5,62.5,1.85,+3.05%,23460
04/03/2000,60.65,62.5,59.4,60.65,2.2,+3.76%,16960
03/31/2000,60.8,60.8,56.9,58.45,-2.2,-3.63%,30580
03/30/2000,58.75,62.5,58.75,60.65,0,0.00%,6880
03/29/2000,62.35,62.35,58.75,60.65,1.9,+3.23%,9460
03/28/2000,60.65,61.9,57.5,58.75,-1.9,-3.13%,5780
03/27/2000,59.4,61.9,59.4,60.65,-0.3,-0.49%,7960
03/24/2000,59.4,61.55,58.75,60.95,2.2,+3.74%,6680
03/23/2000,61.9,64.05,57.5,58.75,-5.45,-8.49%,8880
03/22/2000,62.5,64.4,59.05,64.2,1.25,+1.99%,8220
03/21/2000,58.75,63.45,58.75,62.95,2.95,+4.92%,11500
03/20/2000,61.25,61.25,56.9,60,0,0.00%,5160
03/17/2000,56.55,60.95,56.55,60,-0.65,-1.07%,7840
03/16/2000,58.75,61.55,57.5,60.65,3.45,+6.03%,22880
03/15/2000,56.55,57.5,51.25,57.2,0.95,+1.69%,23140
03/14/2000,57.8,59.05,56.25,56.25,0,0.00%,9720
03/13/2000,57.5,58.15,56.25,56.25,0,0.00%,14760
03/10/2000,56.25,58.15,56.25,56.25,-2.5,-4.26%,7880
03/09/2000,60.65,61.25,55,58.75,-2.5,-4.08%,20360
03/08/2000,60.65,62.5,60.65,61.25,0,0.00%,14100
03/07/2000,60,62.5,58.75,61.25,-1.25,-2.00%,20160
03/06/2000,55.65,62.5,55.65,62.5,5.95,+10.52%,21340
03/03/2000,55,57.5,55,56.55,1.7,+3.10%,6960
03/02/2000,55.3,57.5,53.75,54.85,-0.6,-1.08%,10620
03/01/2000,55.45,58.45,55.3,55.45,0,0.00%,25260
02/29/2000,55,56.25,53.75,55.45,0.6,+1.09%,16720
02/28/2000,53.75,55.3,52.8,54.85,0.15,+0.27%,19480
02/25/2000,55.65,56.9,54.7,54.7,-0.95,-1.71%,6480
02/24/2000,56.55,57.2,53.75,55.65,-1.55,-2.71%,7360
02/23/2000,54.4,57.5,53.45,57.2,2.8,+5.15%,13200
02/22/2000,55.3,55.3,52.5,54.4,-3.4,-5.88%,27420
02/18/2000,57.5,59.4,55.95,57.8,0.9,+1.58%,18080
02/17/2000,56.55,59.05,56.25,56.9,-2.15,-3.64%,10540
02/16/2000,59.7,60,56.25,59.05,-0.65,-1.09%,8040
02/15/2000,60,60,56.9,59.7,-0.15,-0.25%,21000
02/14/2000,60.3,60.95,57.8,59.85,-0.45,-0.75%,9120
02/11/2000,61.25,61.25,59.4,60.3,-0.35,-0.58%,13540
02/10/2000,61.25,61.9,60,60.65,0,0.00%,12040
02/09/2000,60.3,61.25,59.7,60.65,0,0.00%,8540
02/08/2000,59.7,60.65,58.75,60.65,0.35,+0.58%,9920
02/07/2000,60.95,61.25,58.75,60.3,-0.65,-1.07%,8820
02/04/2000,60.65,60.95,58.75,60.95,0.3,+0.49%,13280
02/03/2000,62.5,62.5,60.3,60.65,-1.25,-2.02%,6200
02/02/2000,61.25,62.5,61.25,61.9,1.9,+3.17%,16440
02/01/2000,61.4,62.2,59.4,60,-0.3,-0.50%,11620
01/31/2000,62.2,62.5,60.3,60.3,0.15,+0.25%,11840
01/28/2000,62.2,62.5,57.5,60.15,-1.1,-1.80%,13920
01/27/2000,63.15,63.75,61.25,61.25,-2.5,-3.92%,16740
01/26/2000,61.55,65,61.25,63.75,2.35,+3.83%,9360
01/25/2000,62.2,63.15,60.95,61.4,-1.9,-3.00%,8520
01/24/2000,62.95,63.75,62.2,63.3,0.8,+1.28%,10600
01/21/2000,62.8,65,61.9,62.5,-2.8,-4.29%,10840
01/20/2000,63.15,65.3,60,65.3,2.65,+4.23%,16920
01/19/2000,60.95,63.15,58.75,62.65,0.15,+0.24%,16300
01/18/2000,62.8,65,58.45,62.5,1.25,+2.04%,20180
01/14/2000,65.65,65.95,61.25,61.25,-7.2,-10.52%,15160
01/13/2000,59.05,68.75,58.45,68.45,9.4,+15.92%,19920
01/12/2000,59.7,61.25,56.55,59.05,-0.95,-1.58%,22140
01/11/2000,60.65,61.25,59.7,60,-1.1,-1.80%,16680
01/10/2000,60.65,61.9,60.65,61.1,-1.1,-1.77%,11760
01/07/2000,61.25,66.25,60,62.2,3.15,+5.33%,16240
01/06/2000,62.5,62.5,58.45,59.05,-1.6,-2.64%,17600
01/05/2000,60.95,63.75,60.65,60.65,1.25,+2.10%,22800
01/04/2000,63.75,66.55,57.5,59.4,-5.6,-8.62%,19800
01/03/2000,66.55,66.9,63.15,65,-1.25,-1.89%,15920
"Downloaded from Barchart.com as of 01-18-2023 05:51am CST"
